465.111
507.214
512.24
498.668
493.909
505.87
537.787
506.175
522.066
459.901
475.072
477.362
465.322
521.192
463.929
503.229
508.356
509.105
498.198
512.41
459.055
491.58
518.649
491.752
503.157
478.267
473.803
457.256
526.411
496.677
503.267
457.034
485.808
514.4
470.031
546.34
534.416
510.903
480.553
496.993
505.236
535.467
495.77
469.995
535.933
502.466
502.468
501.968
529.408
451.819
500.055
470.266
483.184
517.637
530.196
494.829
545.913
453.506
468.297
503.555
474.402
542.441
496.979
475.06
525.005
488.497
466.646
532.541
500.834
470.243
481.854
464.959
459.717
487.82
484.762
503.462
496.966
500.459
523.6
493.627
521.484
469.83
512.807
514.77
474.969
489.556
460.108
468.038
477.277
516.036
462.547
451.458
492.86
524.59
459.949
526.452
494.04
514.5
502.012
496.497
542.168
517.381
456.439
495.193
469.741
478.756
465.154
484.723
519.707
532.269
469.856
511.261
480.716
483.854
450.433
524.73
485.356
462.856
514.569
528.517
525.806
475.483
518.431
523.568
548.562
534.984
540.358
497.842
512.971
459.989
537.731
543.285
483.362
494.373
505.43
512.757
509.73
462.749
523.442
526.409
548.16
546.581
465.63
459.887
527.69
475.583
487.64
480.117
484.192
524.82
451.339
492.609
485.96
496.92
487.627
536.415
538.208
527.907
504.826
523.434
545.174
519.832
521.99
492.186
493.137
506.103
483.055
499.092
477.8
505.837
477.639
469.26
498.453
477.691
526.69
549.036
483.884
499.783
460.867
500.25
523.522
500.517
503.748
477.307
528.102
478.214
491.402
532.226
460.566
470.331
483.339
467.923
453.708
501.064
471.088
510.351
511.46
478.431
504.536
455.618
489.679
455.562
537.986
480.665
529.141
501.646
496.076
502.239
456.619
460.861
459.152
522.526
540.127
494.922
450.998
462.501
457.791
473.174
466.079
495.64
527.685
477.605
500.349
489.741
511.504
475.831
459.274
510.639
512.385
543.512
525.439
462.705
503.645
474.908
524.07
466.396
541.477
546.184
494.235
514.203
527.12
512.075
491.83
462.391
528.649
513.535
540.045
456.329
509.353
502.183
519.755
514.252
457.194
485.18
538.51
501.615
491.29
494.973
485.436
450.838
482.574
532.974
509.627
470.865
521.749
492.04
527.401
529.134
455.462
484.299
490.21
507.714
494.168
454.456
467.73
545.76
508.502
474.365
523.962
477.121
533.018
541.934
499.579
498.007
465.459
531.169
484.966
463.955
469.334
454.716
499.039
540.358
507.155
513.129
486.139
519.382
513.334
515.721
547.092
492.539
455.843
488.166
521.576
504.474
544.554
514.214
463.196
524.791
463.376
463.313
462.256
547.255
526.839
495.854
480.642
526.859
500.339
504.803
522.748
539.165
537.895
499.839
514.39
501.393
539.365
482.667
468.665
549.143
510.428
458.544
464.586
544.269
540.956
526.274
453.116
463.05
485.508
475.981
518.601
520.981
504.586
540.57
514.337
514.358
462.518
543.647
493.596
461.433
468.854
457.422
455.713
464.906
462.866
533.345
493.913
498.424
459.557
483.567
519.738
459.246
501.758
497.431
529.468
511.336
478.986
481.092
489.259
525.723
543.139
460.998
529.963
465.127
509.09
520.156
498.491
529.229
516.65
483.152
500.074
515.66
511.713
504.755
502.607
451.543
458.253
461.187
518.007
522.019
509.008
545.385
499.88
530.497
463.779
466.878
499.08
472.577
536.593
490.879
468.135
510.631
541.188
540.408
500.016
470.528
521.955
544.47
472.286
460.375
493.457
496.618
492.214
511.924
463.784
451.388
511.489
486.22
537.627
453.538
506.427
510.313
502.38
509.429
506.288
533.787
549.509
483.179
500.233
498.072
499.25
470.55
511.021
478.399
548.752
486.093
492.654
515.749
453.413
542.414
524.797
502.955
526.933
522.178
536.65
461.219
545.121
538.714
521.407
453.214
464.794
484.769
504.115
509.193
461.509
548.934
532.479
545.762
504.365
546.311
498.122
539.833
482.913
476.342
519.416
478.698
494.434
456.044
523.34
479.079
542.864
490.516
494.789
470.714
472.265
495.687
480.31
467.766
462.814
460.65
472.335
507.607
502.528
510.174
522.089
520.012
484.769
496.023
483.613
495.535
453.546
521.347
481.011
474.723
522.955
499.986
460.33
466.565
543.71
515.133
480.041
523.73
548.976
480.116
515.821
470.974
466.51
450.061
452.886
467.448
513.92
535.257
549.366
494.286
484.433
546.584
533.628
482.339
493.175
487.468
545.831
545.126
488.072
459.591
496.543
492.099
545.55
517.311
450.052
478.519
540.825
453.315
505.16
500.088
508.96
512.857
532.625
495.204
508.635
522.505
498.227
496.038
493.16
482.09
524.08
524.739
502.851
487.142
522.536
455.581
523.095
499.193
537.823
508.342
474.822
489.865
483.39
522.603
458.309
501.686
533.872
491.277
465.647
462.293
531.574
536.983
522.436
466.517
544.36
496.061
499.13
496.049
489.415
481.666
497.4
520.902
499.551
495.464
525.349
471.999
547.094
544.628
528.363
454.663
476.307
472.517
483.718
489.309
491.922
545.443
500.415
494.159
515.327
531.513
515.906
500.775
500.895
508.094
542.948
513.638
464.85
529.193
478.092
527.671
466.195
483.04
475.782
509.123
451.562
499.113
509.026
474.887
506.875
493.543
509.168
506.782
461.519
480.462
465.318
524.001
500.262
496.746
483.425
525.391
466.064
471.66
538.759
507.567
513.054
513.733
472.907
493.552
497.045
503.656
476.183
501.319
483.362
520.42
464.715
545.798
547.866
511.824
500.464
475.836
480.127
503.328
465.459
544.315
491.198
501.486
491.714
501.913
492.193
491.138
518.962
463.052
457.155
528.098
499.383
502.474
462.22
502.241
465.535
498.251
546.121
534.287
453.992
486.653
486.252
471.972
503.4
507.619
503.313
517.63
518.762
485.77
489.191
529.603
490.807
506.575
497.007
511.847
499.825
491.647
527.487
540.489
458.287
496.903
500.863
460.138
488.006
455.884
450.522
499.729
547.477
470.362
462.109
480.956
450.518
458.985
543.241
542.428
459.397
464.853
455.024
455.205
467.092
476.578
490.25
523.82
519.816
500.735
537.091
490.426
471.806
526.859
499.6
477.396
540.426
499.3
513.271
514.622
528.581
482.409
488.096
499.51
541.74
525.722
497.588
507.024
497.217
492.182
523.836
511.594
456.771
514.658
455.927
534.02
470.241
488.9
467.561
486.03
487.587
516.462
523.744
477.38
453.519
453.47
525.541
534.759
525.187
479.249
485.195
502.895
548.456
491.825
458.597
461.542
473.746
456.019
503.622
503.068
521.441
504.368
514.963
518.798
547.848
540.795
475.547
506.206
494.086
548.663
503.415
464.687
523.45
454.548
528.418
509.021
537.779
504.184
520.014
518.217
496.948
494.103
486.262
490.888
464.165
496.723
456.02
499.568
530.523
470.05
525.782
485.94
533.261
457.626
528.125
474.38
532.173
525.518
469.807
502.824
483.961
532.925
452.846
495.065
474.626
472.358
481.082
548.243
486.827
492.243
502.206
456.317
502.043
502.082
492.67
526.621
456.469
542.816
485.135
503.389
526.948
502.229
496.532
450.66
506.75
508.119
490.207
463.275
489.645
466.903
539.921
506.344
490.425
489.457
531.266
451.765
486.86
526.513
507.524
534.501
514.05
460.537
527.691
512.506
505.76
471.842
478.898
504.033
506.965
450.503
498.768
523.717
522.869
455.41
469.425
532.396
491.493
501.685
529.467
489.173
539.503
482.798
549.821
464.546
509.066
497.582
532.54
516.548
487.611
465.668
483.9
535.405
477.348
533.826
493.66
546.521
486.891
505.088
480.049
477.838
461.627
455.606
523.731
483
466.754
478.776
500.336
458.61
533.616
538.217
501.166
513.403
452.642
465.821
523.309
494.386
473.045
535.407
536.785
541.334
507.299
526.094
538.288
450.407
502.644
469.409
464.603
501.55
470.342
537.754
472.142
502.503
531.24
531.631
490.297
499.561
511.016
499.87
459.29
460.676
500.258
529.73
486.71
543.803
487.672
502.597
549.827
496.124
549.337
521.08
478.692
522.1
508.656
544.005
507.719
494.275
483.821
498.343
514.498
488.614
480.283
515.818
489.693
522.195
536.466
542.343
532.063
510.935
527.569
541.236
506.535
484.156
491.824
459.011
471.782
477.258
489.884
535.004
473.394
455.94
530.114
497.111
506.89
515.183
525.267
457.314
521.019
498.314
499.143
488.505
493.736
493.047
477.643
468.219
496.984
465.037
475.973
488.572
484.314
465.506
463.033
471.119
515.134
535.551
504.207
522.058
459.783
498.937
459.015
475.348
545.771
459.131
474.188
544.222
493.219
492.122
469.485
537.227
486.495
471.311
543.027
536.026
510.082
458.136
507.538
471.977
491.969
533.74
480.123
504.235
475.999
480.424
522.937
468.653
524.174
508.661
506.96
497.934
450.586
469.621
530.052
524.423
463.189
521.427
506.274
477.026
532.3
460.993
472.897
519.849
484.088
464.763
460.755
468.435
528.798
548.888
532.569
496.524
489.31
533.807
541.097
534.306
528.892
451.557
514.918
530.009
454.947
506.31
480.733
488.447
528.508
499.809
495.995
506.557
537.753
548.65
536.922
508.224
511.658
526.418
480.427
526.695
497.021
499.706
512.013
542.458
549.908
508.972
523.552
523.84
515.019
535.637
516.371
545.524
457.181
505.532
516.232
469.356
531.78
458.021
489.303
542.684
482.524
471.912
543.297
498.044
455.257
456.417
528.55
458.406
485.128
489.313
456.87
459.644
546.89
461.923
493.884
493.014
475.236
453.264
480.623
527.348
457.228
520.787
545.278
519.838
479.002
511.566
492.297
489.119
469.759
450.586
458.663
519.226
494.1
488.278
521.896
505.978
525.646
527.006
535.601
478.779
518.519
518.688
451.147
471.145
473.043
539.008
531.324
450.336
532.705
463.633
546.489
477.576
477.775
544.982
473.401
511.657
467.093
513.848
502.475
504.602
484.757
475.708
542.762
461.999
457.596
510.735
494.612
526.037
452.121
504.506
454.489
498.786
502.301
524.68
486.307
489.777
495.395
476.243
546.916
500.719
477.625
507.073
497.085
536.374
528.516
467.992
489.761
463.806
477.399
514.43
461.015
464.507
519.917
473.72
498.484
468.913
497.585
460.683
466.107
491.166
470.797
522.029
451.51
457.062
452.386
509.012
532.588
489.812
547.934
501.504
494.265
477.737
494.16
503.757
483.874
525.348
491.462
458.897
499.887
474.388
530.994
492.017
489.309
450.234
540.701
454.567
500.332
500.359
494.773
490.096
491.398
450.801
534.859
460.882
519.873
509.085
479.812
524.885
516.787
475.098
485.076
485.931
497.576
529.963
529.218
545.367
525.661
527.162
530.847
502.123
512.497
455.452
484.425
533.626
470.379
517.452
498.654
467.569
527.941
523.179
458.347
494.576
540.354
524.583
489.958
485.757
488.389
454.096
536.731
488.661
465.039
523.786
517.446
470.116
548.897
488.039
485.717
544.979
548.825
495.883
485.761
522.036
504.96
486.349
515.863
467.113
520.555
460.653
536.329
529.392
473.561
462.455
538.905
456.896
508.648
518.358
492.973
492.466
510.303
487.98
526.998
492.075
478.567
482.564
546.284
508.449
531.258
542.303
530.92
482.387
471.138
474.995
485.282
468.436
544.281
460.196
452.485
524.166
546.535
497.295
513.522
529.419
466.787
471.029
474.412
535.183
529.842
530.104
498.724
496.183
461.058
522.782
500.293
459.521
523.716
507.484
501.631
450.986
535.213
513.761
510.276
515.527
494.855
501.384
497.929
507.759
478.312
474.317
549.177
516.384
534.423
548.793
548.794
495.525
464.772
520.238
537.794
497.806
507.046
523.814
506.808
473.937
453.683
530.663
479.568
493.779
456.505
541.86
480.849
474.084
464.808
523.097
532.386
493.942
461.827
495.382
463.893
489.283
540.315
506.033
542.565
516.185
520.009
456.365
541.401
531.514
495.76
474.798
495.321
512.397
454.145
494.19
535.456
508.104
476.815
517.014
523.277
451.347
519.587
543.039
548.576
472.052
471.674
499.138
490.748
458.723
500.035
538.07
500.21
481.175
465.417
485.183
477.299
456.061
533.626
511.274
502.41
521.403
483.562
454.618
500.845
546.536
494.954
484.686
483.453
452.52
450.664
526.254
509.421
497.495
514.809
461.97
459.698
497.798
467.98
457.581
518.497
531.264
513.633
461.507
494.278
491.092
459.741
455.496
531.143
517.81
533.013
514.748
465.942
462.961
452.343
450.857
539.359
492.014
478.054
506.263
456.558
522.699
501.164
454.909
540.941
508.135
474.973
457.275
473.366
496.407
526.341
547.521
459.815
508.06
456.595
528.909
463.45
537.833
484.171
486.605
464.584
479.791
489.369
459.271
495.289
544.497
537.108
453.731
496.819
483.327
480.585
465.62
517.055
467.465
492.66
491.854
456.932
461.193
498.995
549.09
485.386
531.85
514.116
523.284
547.846
523.591
465.173
502.347
506.965
527.373
545.859
502.432
471.777
492.802
508.925
451.162
480.098
476.667
523.194
510.449
465.504
464.206
500.392
477.068
513.458
501.632
502.166
516.244
536.454
504.514
494.53
505.75
532.789
484.129
520.175
500.333
464.405
535.62
457.871
509.091
531.508
476.064
450.368
454.822
493.386
491.752
524.427
473.368
477.932
488.339
454.463
503.554
541.401
512.596
484.425
517.039
479.945
460.791
510.378
461.792
524.418
465.639
491.396
519.218
467.866
530.663
521.375
505.339
452.887
510.541
477.346
472.844
492.373
468.171
482.381
514.946
470.783
506.51
463.06
534.142
492.451
536.331
548.347
505.302
480.343
481.354
516.532
544.705
491.475
480.199
476.473
527.655
509.239
463.924
500.223
487.417
471.802
519.431
471.959
511.898
489.309
450.186
459.775
498.527
491.151
468.442
526.995
542.974
513.008
526.827
520.976
505.028
473.253
506.336
539.77
450.107
507.404
520.284
475.779
510.617
522.745
466.65
463.229
452.478
464.376
546.856
451.467
486.513
513.592
518.376
548.487
470.312
534.603
523.248
494.273
498.971
509.089
497.999
459.181
533.742
499.086
506.002
506.272
529.409
468.958
464.376
543.848
509.433
485.79
510.415
473.844
540.242
463.926
469.176
548.163
504.578
539.198
504.731
490.379
493.01
517.534
510.609
465.61
549.606
483.69
475.445
504.17
510.51
531.939
523.384
471.227
539.62
518.934
536.13
459.26
534.888
497.587
507.309
483.059
531.311
454.168
461.624
497.666
487.148
507.088
498.348
515.375
499.548
462.528
532.345
544.735
544.301
457.719
539.93
483.126
546.547
521.309
498.5
472.136
472.495
522.347
528.637
533.884
450.915
540.709
458.496
464.483
456.83
533.276
543.154
465.527
468.916
522.688
511.788
466.017
532.722
520.285
504.717
479.352
542.696
450.474
456.635
523.031
499.22
516.067
538.236
522.293
491.703
505.484
455.191
518.835
452.181
493.01
482.208
534.784
524.264
494.713
504.336
451.582
474.312
524.721
460.444
452.106
529.048
544.777
468.351
451.336
462.295
455.273
537.913
521.839
486.641
479.325
459.637
505.763
485.477
499.627
548.126
499.616
477.383
482.112
499.655
529.08
466.014
535.097
517.374
472.312
455.102
457.056
489.415
524.379
497.744
538.848
490.708
463.601
487.093
505.42
548.771
497.789
472.007
489.16
512.562
456.192
486.607
450.407
484.459
541.912
477.703
488.091
479.026
522.492
537.736
456.498
498.779
454.07
467.49
461.196
506.477
479.542
498.892
473.612
539.189
456.273
503.22
494.363
527.685
510.592
486.667
487.456
458.144
513.83
498.036
484.673
486.432
476.273
481.809
546.524
498.974
486.033
540.992
455.469
454.296
491.197
501.126
549.151
516.938
491.948
525.87
492.087
508.981
496.852
460.064
459.459
506.812
479.449
467.655
509.438
513.555
502.211
506.43
459.645
490.066
468.555
534.771
483.419
498.719
491.574
521.077
461.421
454.083
453.373
477.466
522.699
513.234
530.836
507.944
463.992
463.126
494.114
516.308
548.859
503.857
510.553
505.585
487.108
481.512
467.927
457.534
533.484
491.398
475.463
469.36
495.533
539.932
543.631
452.093
546.088
489.642
467.022
496.083
512.077
454.519
497.911
534.841
491.245
525.058
516.094
533.113
478.104
462.974
486.196
542.694
520.778
455.449
457.079
547.756
455.041
515.184
507.67
494.6
484.903
470.307
520.455
530.376
480.461
457.544
478.329
519.671
505.504
545.069
482.622
531.841
504.955
479.843
523.008
549.622
484.296
490.698
463.807
522.558
518.009
480.176
505.984
453.266
502.085
504.563
460.614
477.854
528.45
461.094
456.903
472.82
518.366
536.811
491.418
453.741
514.681
453.987
513.467
518.315
466.072
532.285
520.777
530.556
532.729
494.272
502.213
481.844
513.068
527.729
505.118
488.427
507.551
521.148
452.713
486.426
507.138
454.093
528.732
459.274
473.205
476.544
454.711
505.411
457.387
469.781
469.244
509.485
517.404
475.231
487.922
475.447
467.705
509.338
492.445
530.245
484.692
491.381
515.937
532.825
487.227
482.902
471.887
546.92
543.927
528.108
475.335
541.755
477.411
527.251
530.415
461.192
506.3
487.01
457.268
454.656
501.387
501.715
504.601
531.077
526.59
476.353
494.55
534.152
537.894
492.527
490.444
460.831
487.462
470.808
507.559
493.78
490.845
526.127
492.353
523.666
527.613
535.36
491.317
538.65
490.062
481.272
530.609
536.662
487.788
490.477
471.011
461.061
452.107
481.998
516.587
471.729
461.06
477.49
548.994
475.206
518.894
483.42
471.959
485.525
526.334
505.652
548.741
520.047
501.509
520.486
456.943
523.074
463.498
487.688
529.138
504.32
515.178
491.998
484.772
498.635
501.408
546.366
539.549
503.372
541.506
473.239
473.522
529.204
450.561
478.549
531.202
474.641
499.025
496.084
463.915
509.359
536.794
474.017
523.883
498.643
495.76
499.448
516.298
501.609
502.104
543.359
484.369
465.987
523.179
523.048
481.728
495.289
508.671
532.846
458.457
544.875
461.524
488.519
482.33
494.907
498.416
506.29
535.478
498.347
498.944
471.033
490.316
474.772
491.185
497.181
470.34
547.935
456.048
495.31
520.49
487.398
523.325
548.369
508.951
528.525
549.333
536.467
526.46
534.729
491.346
524.288
519.706
548.277
548.285
488.486
460.205
505.341
456.558
548.03
488.112
526.536
455.85
527.483
506.171
495.284
491.101
513.417
504.847
542.593
505.91
450.104
502.2
458.329
539.636
484.983
518.012
525.666
453.311
493.828
542.588
471.809
517.33
537.928
530.515
520.353
507.011
490.044
537.985
456.047
512.802
548.472
521.335
475.842
515.274
470.102
549.745
521.028
532.763
483.537
519.077
451.444
537.434
509.262
451.208
511.178
519.946
507.592
479.434
481.056
517.723
477.263
530.131
533.521
451.166
462.688
511.644
456.384
507.325
493.032
483.208
520.144
542.937
477.666
464.568
546.412
499.579
528.404
500.055
527.743
500.924
490.063
488.427
549.432
539.95
484.619
451.145
531.258
459.306
499.113
499.626
458.265
457.83
479.893
491.186
499.695
493.373
492.073
525.205
498.695
521.642
544.968
499.068
537.385
498.628
497.762
450.193
468.157
459.29
534.705
456.444
498.213
503.36
458.154
487.338
524.942
466.285
481.031
518.492
521.607
460.551
541.731
493.21
477.088
495.588
548.356
458.317
472.366
502.188
450.784
503.996
463.462
534.89
537.153
542.21
543.494
497.915
509.437
505.468
484.905
498.145
476.308
490.01
547.486
469.899
501.743
528.852
491.168
454.214
499.759
498.539
536.056
488.94
493.847
541.481
486.332
496.951
461.964
509.688
529.485
540.807
492.878
483.048
501.993
464.409
474.27
500.929
513.673
488.591
536.73
462.14
464.729
522.767
464.274
495.619
505.594
496.823
492.355
498.125
518.707
514.201
495.039
526.409
517.631
475.045
479.763
503.517
450.533
514.595
492.548
485.474
492.535
529.584
492.342
451.726
509.142
466.469
530.124
488.344
526.596
524.705
479.397
512.864
548.012
517.322
492.986
547.448
496.547
515.661
491.015
507.319
463.132
478.65
524.111
541.972
530.064
480.299
520.658
529.435
494.727
497.837
505.354
500.212
511.889
488.901
490.606
505.302
487.341
464.535
482.586
450.493
475.574
547.082
524.096
543.627
485.137
512.764
474.107
535.196
507.158
454.557
498.587
480.899
547.079
544.169
525.654
481.514
536.783
535.335
463.835
458.933
506.253
527.129
521.644
520.742
478.555
495.764
469.035
454.861
520.988
495.268
495.464
496.658
494.929
466.046
523.152
474.992
464.963
487.037
480.813
519.667
516.649
507.537
460.338
467.66
494.826
456.298
529.08
516.622
546.899
509.368
462.871
465.687
461.746
498.438
506.737
459.335
478.787
515.13
489.909
499.369
505.141
499.678
483.453
536.536
547.944
542.149
513.732
457.009
509.827
464.483
455.814
452.852
541.598
509.51
520.942
541.811
548.203
494.657
514.264
502.142
502.495
534.737
500.031
455.006
547.291
457.427
520.489
523.873
501.114
519.722
482.095
532.827
547.932
529.653
509.092
548.854
471.601
476.322
496.696
482.359
506.627
473.241
497.826
499.944
494.342
533.368
478.808
468.647
464.15
452.637
468.174
459.211
492.41
533.16
470.367
520.27
463.28
497.443
468.362
515.279
466.498
542.228
516.417
451.108
499.64
492.05
471.471
503.964
482.036
504.192
541.856
484.762
524.306
515.039
480.381
455.118
462.046
484.802
478.85
474.464
493.991
511.729
461.421
470.232
482.983
513.767
457.42
497.411
523.248
469.887
502.483
505.383
519.679
457.324
503.18
471.774
501.304
505.036
533.522
494.249
549.342
464.608
456.869
537.255
476.166
519.747
511.618
471.168
465.231
542.476
531.04
502.424
537.936
538.976
488.421
533.86
500.098
514.655
526.917
474.117
464.242
497.102
528.718
490.463
505.376
495.105
517.44
505.513
527.149
495.239
467.415
534.963
549.367
493.801
497.058
495.483
499.955
525.515
461.716
477.793
497.868
522.365
460.774
514.26
473.89
548.07
494.44
531.131
472.996
547.189
498.802
454.728
532.43
515.43
452.653
455.431
474.313
455.166
462.984
462.59
460.205
517.653
517.672
481.894
532.84
468.945
491.174
460.267
538.505
454.745
489.73
532.901
515.728
489.737
494.49
489.513
533.295
541.693
501.471
501.752
468.672
503.024
516.914
535.609
527.159
519.563
491.982
460.981
537.266
480.07
512.813
490.973
460.102
526.77
505.138
505.208
535.113
494.679
542.561
459.785
520.419
490.98
519.582
509.171
530.827
463.329
451.118
458.397
494.836
476.145
536.633
495.309
490.37
500.968
474.843
462.286
504.197
471.281
495.647
538.044
501.037
478.947
486.652
465.569
478.569
489.923
536.457
452.431
506.61
473.36
474.083
485.899
489.03
520.833
491.52
546.212
535.048
533.447
511.357
511.321
517.682
495.023
542.434
508.274
535
549.638
542.539
536.544
539.925
539.102
481.837
529.67
488.096
475.061
465.198
473.983
510.206
452.824
487.964
544.788
539.517
545.525
527.616
542.698
513.463
526.071
519.949
483.436
484.708
502.027
477.486
469.129
516.067
524.975
505.05
509.085
505.454
483.08
477.533
456.446
487.976
545.794
503.846
474.751
499.049
522.116
533.64
504.103
489.265
495.903
519.383
469.433
456.285
495.353
538
474.866
522.152
497.786
489.895
491.574
497.252
498.827
475.905
471.83
497.912
526.151
476.967
533.789
469.169
501.83
517.261
496.759
505.467
521.784
478.82
482.145
543.479
465.346
482.575
492.372
534.466
501.988
468.282
497.189
469.037
521.321
543.497
489.76
472.472
475.913
483.664
457.42
468.765
478.113
490.622
465.74
522.235
483.508
500.189
453.411
521.74
467.168
535.013
530.252
493.839
450.869
485.104
534.089
489.701
525.974
499.661
480.094
480.108
522.602
526.085
522.199
451.87
472.699
540.561
470.781
453.57
512.037
514.104
457.071
514.692
491.055
504.461
490.747
531.893
491.469
537.423
469.911
468.652
505.77
546.283
523.466
485.415
505.553
534.024
485.972
532.132
536.278
533.864
497.798
487.483
477.954
511.222
544.007
522.958
470.681
477.38
541.582
524.933
494.796
450.989
456.079
503.805
516.232
532.201
500.665
468.55
463.82
525.674
491.799
536.881
476.018
545.073
499.305
487.53
493.764
523.744
463.29
543.909
520.836
494.236
461.147
500.144
518.55
477.987
451.463
470.91
549.444
503.839
525.957
479.478
509.699
524.516
530.054
453.247
493.099
477.856
537.741
505.132
509.459
491.032
476.025
545.731
489.44
477.823
469.336
459.769
483.82
532.445
486.645
527.511
474.361
467.8
541.209
466.861
457.931
471.116
488.318
472.245
468.082
502.304
548.539
520.76
456.373
501.781
485.695
482.048
452.68
547.02
506.253
458.387
454.648
521.463
512.056
520.198
503.052
460.4
452.798
494.703
518.241
512.849
488.13
518.508
507.053
492.77
494.298
479.659
469.036
502.621
537.559
470.841
473.913
476.406
488.063
528.097
484.633
548.695
459.798
460.221
470.19
488.951
504.558
462.977
524.183
482.753
500.556
509.57
503.362
493.306
456.15
485.3
530.136
470.098
497.02
495.981
508.306
463.977
489.633
478.968
499.353
516.641
478.902
490.051
501.069
451.448
511.684
548.155
505.545
509.897
463.369
456.363
510.466
519.481
472.606
512.708
489.577
509.791
469.324
499.151
489
515.487
511.016
497.837
545.343
494.875
542.746
494.481
513.761
484.096
455.898
530.049
467.864
473.258
519.22
545.697
542.487
467.935
523.845
468.539
510.936
525.954
525.317
463.035
503.194
480.193
495.398
501.326
543.433
464.903
459.83
549.762
493.489
514.771
531.084
458.792
465.683
476.861
476.426
473.066
504.251
460.409
519.469
452.085
505.757
500.064
477.112
501.6
533.664
493.035
525.006
511.5
511.402
475.92
510.913
477.177
518.083
450.094
499.035
533.11
504.496
546.103
533.302
499.417
466.088
495.997
505.079
542.734
490.141
454.312
490.681
504.521
474.671
451.668
539.304
450.449
457.231
480.848
451.566
484.956
491.476
508.916
471.301
469.679
483.998
455.928
472.867
549.374
490.148
535.837
513.733
494.342
500.629
508.788
522.16
475.515
496.147
458.628
529.378
479.427
469.218
465.607
486.016
536.842
505.182
461.287
505.212
508.885
474.313
505.999
536.825
460.288
492.323
505.918
498.171
453.488
456.496
480.216
522.595
534.798
473.95
532.571
502.044
515.899
490.884
475.333
488.496
477.978
499.208
498.536
533.697
486.826
530.189
479.955
528.082
498.101
544.892
524.847
523.876
510.184
457.697
517.025
549.436
497.351
512.074
505.15
492.071
511.52
474.438
460.576
470.127
472.047
468.141
509.835
502.262
500.706
473.764
456.872
507.297
516.276
507.771
495.219
512.008
501.554
452.533
496.19
465.592
500.564
469.083
521.08
542.963
525.65
469.231
525.224
467.372
535.793
498.289
459.75
469.971
490.965
467.954
543.82
493.778
509.282
516.354
491.052
536.803
489.814
471.787
484.198
477.608
476.007
459.099
468.19
496.665
471.449
515.875
476.326
532.626
468.15
522.086
527.448
524.329
488.531
510.39
501.516
500.03
450.018
484.45
455.941
505.491
534.348
519.34
487.326
464.191
453.977
511.686
536.146
509.036
468.514
521.332
476.749
478.391
534.343
458.026
497.774
536.03
482.884
451.162
502.989
504.27
547.308
525.319
464.104
541.593
508.148
459.767
510.055
507.119
513.551
509.014
504.445
521.311
476.591
479.472
492.716
455.777
527.873
524.105
496.059
542.739
452.611
486.92
512.535
491.764
504.804
527.12
460.505
498.222
484.622
513.431
543.774
518.578
544.988
477.836
471.366
473.309
459.585
480.373
468.519
535.01
459.938
515.651
492.471
495.468
533.519
487.621
506.997
450.482
528.251
475.748
452.819
511.147
484.429
455.592
463.076
491.638
467.693
499.376
505.116
526.766
502.682
525.692
527.535
504.823
463.042
487.994
525.361
508.336
465.164
493.261
524.444
539.058
508.15
478.492
454.561
502.136
480.777
539.823
510.038
517.637
541.512
460.763
522.046
502.27
537.732
533.631
451.272
520.314
467.065
462.072
524.453
498.457
507.324
500.172
518.684
508.914
474.967
460.683
513.817
500.566
462.291
497.983
468.824
477.61
483.233
549.945
497.19
498.657
540.962
476.054
534.234
540.4
479.17
506.104
544.335
534.432
519.05
536.069
544.004
463.204
545.417
459.547
467.427
470.09
450.054
491.679
503.735
529.664
484.687
548.276
516.922
530.625
457.427
509.428
476.575
502.877
528.414
513.842
464.262
502.288
525.506
544.288
549.994
457.108
465.023
539.259
470.145
499.481
535.304
513.195
508.503
458.447
537.771
512.514
488.337
531.461
479.898
500.54
497.046
536.977
488.563
498.201
500.05
463.393
519.777
546.508
497.395
474.029
524.985
474.408
541.706
548.934
519.343
478.375
488.972
512.414
508.248
505.867
529.049
501.451
504.574
469.525
479.545
464.728
546.144
484.36
512.661
498.84
505.901
539.918
492.122
482.234
548.584
464.769
453.367
460.979
459.141
548.679
545.502
513.265
477.158
488.578
450.005
518.374
501.195
549.514
470.265
511.631
503.364
469.673
527.878
534.754
503.87
483.757
466.071
546.881
458.658
548.088
458.245
548.358
504.632
494.192
541.803
515.453
464.091
481.111
472.097
496.282
545.205
514.045
454.328
484.636
481.089
464.482
505.581
454.792
546.565
489.82
537.395
503.31
521.297
485.783
467.008
451.021
523.534
458.236
492.479
512.709
461.934
497.052
477.537
509.091
480.491
496.668
492.53
498.963
501.637
450.837
491.061
509.879
507.559
460.66
546.619
501.643
491.405
465.578
548.284
458.265
512.772
510.989
539.397
450.865
458.07
545.348
524.336
522.059
529.33
499.655
546.142
471.484
526.253
501.093
499.131
499.346
457.247
513.234
501.103
458.044
465.997
526.741
453.188
484.847
486.384
490.015
536.984
484.74
473.397
460.838
454.999
479.833
539.129
459.833
507.447
477.941
470.153
496.601
476.291
498.856
454.174
453.213
521.322
474.622
493.215
544.148
508.845
495.948
459.931
509.114
490.768
481.924
508.712
461.21
482.828
527.29
454.189
535.745
467.975
511.068
458.741
465.374
532.052
516.646
472.61
521.12
456.335
502.773
549.12
499.557
518.132
500.232
458.721
482.502
511.084
515.322
451.135
505.101
494.467
461.768
504.951
482.117
481.605
501.334
495.993
532.352
494.02
542.021
540.323
469.746
511.255
467.848
457.928
516.984
504.816
460.918
541.747
477.083
481.316
501.64
460.794
476.455
480.464
529.163
496.566
467.32
498.574
546.786
548.048
460.096
454.454
549.956
503.378
483.972
536.378
455.426
535.79
492.458
524.584
537.661
479.01
482.802
468.252
459.231
529.544
477.212
468.167
452.365
518.006
510.738
540.687
503.954
471.596
451.969
476.202
476.751
454.072
503.998
487.906
502.946
502.326
457.96
548.158
479.991
536.917
541.187
544.49
505.225
505.488
497.648
523.051
520.396
505.911
460.707
535.557
506.846
496.234
502.096
464.407
512.832
502.488
455.239
481.633
506.549
473.915
519.367
481.163
507.999
497.261
511.356
512.675
474.704
455.173
546.993
509.159
451.056
459.07
459.969
459.188
454.611
506.012
456.764
520.255
501.135
502.466
529.525
500.905
501.601
545.484
456.044
524.123
499.336
477.846
482.629
480.422
538.32
458.152
512.797
509.068
500.946
507.247
453.875
533.587
501.815
475.184
484.715
469.274
482.109
505.999
481.833
471.584
528.098
489.133
508.887
531.02
507.147
474.391
548.083
532.386
492.022
525.919
520.813
503.122
548.661
515.06
455.431
469.241
502.735
494.067
492.073
494.619
537.235
526.886
489.313
453.319
486.543
511.672
473.3
541.208
478.03
534.739
477.254
539.97
455.532
506.596
534.003
494.791
483.334
531.698
510.575
468.473
510.971
493.912
522.512
453.567
519.691
510.483
493.006
460.806
513.816
458.085
490.414
458.192
499.546
510.901
496.93
511.457
490.501
532.005
515.643
545.036
512.314
503.881
497.257
515.427
457.868
548.853
535.362
532.373
491.265
468.017
487.04
482.147
503.794
500.638
496.232
498.543
477.541
538.992
476.293
519.987
463.553
463.207
521.442
489.816
470.949
483.296
476.462
456.298
511.424
482.22
497.712
533.113
463.867
490.464
451.363
487.534
502.81
480.918
507.92
453.781
470.3
468.795
493.991
496.963
479.445
526.525
496.04
451.327
525.633
519.588
530.782
464.872
539.279
454.43
546.155
515.018
492.809
528.738
516.618
507.762
464.642
533.623
502.758
505.371
541.177
496.063
507.158
490.394
454.306
540.879
494.334
486.941
529.132
540.735
520.047
460.619
526.923
545.262
524.817
487.602
484.239
546.567
516.305
538.312
524.337
502.104
526.243
515.219
514.641
507.065
522.394
505.611
480.133
455.209
508.564
470.999
513.027
532.099
521.757
457.349
490.399
452.973
502.808
546.349
490.301
500.813
496.183
504.584
455.203
522.908
540.258
496.529
506.633
482.565
455.615
506.071
483.515
549.403
495.861
544.853
481.133
547.159
473.497
465.17
548.255
540.724
519.687
491.839
546.8
485.26
495.419
475.819
497.09
476.488
496.425
479.374
492.071
475.257
463.223
541.456
543.994
510.022
488.271
508.735
468.025
484.855
503.234
516.869
529.757
496.987
481.145
458.827
490.725
511.284
514.757
472.957
453.203
491.033
456.024
455.289
500.218
536.697
506.439
462.528
492.031
466.175
493.919
460.132
488.042
475.029
462.075
459.333
503.99
492.914
533.896
453.128
465.355
543.635
540.501
468.139
521.165
454.451
471.764
526.923
469.389
484.96
485.722
544.831
477.984
541.086
526.575
520.543
497.327
542.814
475.2
469.14
471.574
461.604
493.086
457.637
495.723
462.306
476.83
486.598
458.035
503.261
516.849
517.489
467.751
477.029
504.916
496.211
499.091
452.997
459.897
545.772
539.799
529.054
474.296
526.992
521.456
491.02
507.867
527.148
481.505
484.106
460.5
537.843
451.638
450.383
459.647
525.932
493.234
519.088
517.115
521.343
497.157
500.41
534.939
464.697
456.629
452.498
476.856
494.583
500.041
470.985
543.989
500.217
466.959
507.805
501.724
493.398
532.393
503.051
459.877
509.374
489.152
458.424
481.1
525.075
510.331
467.257
504.111
532.251
543.54
503.981
461.349
483.191
477.01
459.025
457.883
460.039
484.574
511.859
488.665
499.161
543.824
493.609
541.084
478.059
456.076
486.676
486.823
510.942
503.746
486.549
507.78
470.451
472.783
499.28
541.159
454.493
502.995
549.547
480.224
521.277
494.146
549.937
525.745
450.807
482.389
540.528
489.945
456.562
494.084
513.499
457.29
531.993
507.477
523.225
536.993
454.112
521.266
504.848
489.292
499.597
531.686
478.958
452.533
472.379
529.051
496.956
519.049
465.376
452.23
481.928
547.932
518.759
453.983
458.335
453.576
455.388
496.371
459.945
540.092
524.037
495.845
495.627
512.825
493.873
491.57
527.463
450.791
512.281
470.745
456.532
489.104
521.782
457.287
536.426
493.975
493.549
502.355
507.818
532.676
497.819
536.5
470.515
502.036
529.008
482.868
460.948
464.149
460.706
498.398
544.832
503.705
519.377
459.099
480.971
472.408
472.294
533.323
521.969
532.25
453.416
489.627
548.494
517.238
549.971
518.948
491.241
520.987
549.163
481.64
549.814
525.136
456.339
458.77
486.48
549.693
507.541
514.883
496.936
497.01
484.255
496.834
538.979
532.058
496.278
529.021
548.524
495.936
500.096
491.236
510.688
488.777
514.507
490.884
507.96
505.456
507.26
508.798
453.185
532.243
532.589
477.472
463.102
500.892
521.788
487.579
499.364
494.977
531.232
533.059
495.217
469.126
530.094
509.141
489.641
460.928
460.711
459.041
508.158
500.197
485.56
519.963
514.369
454.065
493.134
466.309
547.958
490.236
525.852
491.519
498.95
512.92
513.536
454.671
478.109
501.313
540.561
478.759
525.824
531.107
451.535
493.189
538.734
501.058
479.495
519.793
470.463
508.215
492.164
525.769
532.435
476.742
486.975
466.602
498.191
487.572
491.64
495.832
541.349
473.699
482.164
514.265
489.371
487.662
540.916
453.645
494.173
489.927
498.422
526.068
468.515
495.587
498.884
499.976
526.874
526.077
461.932
543.81
480.084
526.923
483.836
480.721
465.461
535.839
520.075
487.714
544.896
490.923
507.127
530.501
477.934
501.5
511.028
451.752
468.735
525.033
510.582
452.622
502.765
535
487.707
481.365
549.562
507.986
468.981
453.729
507.247
456.602
461.971
496.205
498.398
472.221
480.723
513.462
535.27
477.623
548.296
519.095
453.129
516.675
457.698
488.419
547.5
500.387
482.378
537.167
542.225
496.776
527.983
503.117
505.115
484.989
510.14
500.742
530.374
514.813
458.662
542.438
510.025
482.452
487.631
464.66
527.373
520.747
503.856
504.065
461.893
492.1
484.01
515.744
497.893
496.097
498.511
528.578
523.88
507.65
490.026
486.348
500.196
453.292
460.536
453.518
521.657
513.165
481.583
488.184
459.808
537.862
464.222
503.494
536.927
476.056
489.172
468.482
487.166
467.075
498.783
515.045
464.017
541.107
476.216
507.549
526.615
459.044
457.263
518.764
460.12
493.311
471.829
510.027
518.319
458.883
539.184
471.368
462.562
498.268
531.554
524.219
475.23
522.363
510.496
497.227
497.457
475.959
494.022
488.155
481.706
500.7
468.552
471.277
490.381
523.2
525.774
468.068
484.284
467.155
482.223
503.384
542.055
495.72
488.049
512.887
510.323
537.567
487.192
461.86
475.64
489.874
483.71
516.472
483.072
469.315
533.813
498.775
528.8
499.425
503.614
483.109
500.928
464.021
451.535
464.131
507.055
451.503
461.473
502.852
542.286
455.424
460.315
474.653
534.228
464.507
453.585
547.749
523.884
462.825
476.177
467.697
530.408
466.759
544.174
543.233
546.697
547.065
481.856
482.976
465.754
492.867
504.673
457.483
462.751
474.411
508.356
549.509
464.274
516.734
520.354
469.667
466.458
501.474
530.264
522.425
463.685
530.201
500.865
459.334
452.475
471.716
513.383
501.447
484.713
451.59
481.167
454.203
462.568
533.418
549.566
519.414
520.067
494.732
548.087
466.949
511.381
475.731
524.386
473.683
459.026
547.936
540.128
461.479
490.852
508.371
496.924
527.539
545.069
491.226
539.364
472.741
457.877
493.072
504.952
548.457
545.027
534.326
504.514
467.57
521.469
545.932
509.276
468.328
487.542
492.406
491.902
488.932
478.052
482.885
461.592
522.702
515.707
505.138
461.299
505.557
502.998
492.828
527.02
508.846
513.506
516.303
474.629
534.899
462.615
495.099
507.958
458.586
539.775
503.439
506.676
493.76
496.155
539.03
460.217
480.933
511.603
462.351
525.552
462.074
485.346
548.195
465.199
480.077
468.49
527.794
450.775
494.944
454.527
530.52
460.096
466.185
485.727
456.634
536.059
497.344
464.73
491.867
519.591
468.085
507.897
540.108
470.999
522.87
522.634
457.867
478.118
489.124
452.382
487.305
468.284
525.997
487.737
511.387
461.651
459.991
519.657
486.819
508.394
470.306
474.1
502.243
456.053
492.25
469.249
500.986
547.93
502.362
462.945
501.956
484.39
485.918
492.106
537.009
530.498
452.528
488.776
497.576
513.258
486.57
516.662
454.693
487.3
457.986
528.574
506.57
488.375
548.326
453.066
453.337
473.965
469.981
488.402
461.644
515.083
515.03
466.963
544.436
525.698
457.481
450.37
469.278
467.525
518.031
450.955
516.538
521.369
518.666
517.205
451.74
459.705
463.58
503.373
468.403
524.359
476.866
478.65
487.858
541.705
481.18
493.33
507.711
528.251
466.722
469.258
484.491
475.167
524.166
455.224
505.943
541.089
487.274
526.447
482.061
509.688
513.605
465.827
509.917
463.674
465.278
503.469
484.538
495.437
537.25
492.209
473.139
468.901
482.595
498.573
539.64
536.098
508.697
464.259
482.349
458.547
468.095
453.581
508.655
538.264
493.073
527.599
465.278
471.786
476.653
549.096
511.71
535.455
481.476
538.437
519.585
533.289
486.677
509.502
537.431
497.128
532.785
484.435
521.517
549.118
474.166
522.08
519.665
527.554
528.571
529.933
498.935
498.151
462.416
495.669
519.303
483.477
519.191
494.178
547.643
540.786
516.565
527.225
456.272
453.134
526.721
547.233
485.555
514.797
518.99
519.352
462.025
463.632
507.486
542.626
480.505
540.196
499.326
496.651
514.638
480.807
468.205
501.114
495.788
459.871
488.013
474.746
541.82
534.98
504.125
451.229
537.504
506.575
512.055
520.71
528.94
505.979
503.094
501.752
520.151
532.623
474.179
490.457
507.792
461.448
513.317
540.185
536.833
488.719
462.529
466.459
491.825
532.659
454.033
520.888
514.418
541.122
497.836
475.52
516.667
521.276
483.186
471.593
546.285
476.423
499.596
495.304
549.124
465.167
549.263
539.422
466.025
491.903
505.76
520.211
520.112
499.214
456.94
460.3
496.488
504.701
485.961
504.123
535.813
497.699
455.018
519.199
494.126
525.121
466.545
487.058
529.907
499.098
542.886
468.699
467.546
474.366
506.741
492.543
504.084
499.282
455.701
540.838
494.543
499.57
527.502
474.609
492.962
525.828
491.745
484.447
460.036
520.451
483.723
537.133
486.081
454.064
496.382
517.18
487.508
542.274
463.142
487.173
494.329
469.873
492.985
487.943
466.11
484.292
463.703
508.195
453.026
471.297
515.531
455.244
477.564
475.857
476.741
473.714
501.877
507.202
522.366
501.452
473.53
481.588
506.337
476.06
459.642
492.229
466.581
474.194
494.045
515.685
530.157
457.261
451.803
532.444
483.573
529.286
537.712
486.863
465.079
480.665
498.642
528.476
527.766
463.211
522.998
496.588
512.121
517.104
511.414
471.385
514.583
458.491
461.076
503.923
541.68
462.986
466.626
465.695
536.597
459.382
452.461
481.62
468.109
466.798
529.438
493.179
519.278
456.117
460.322
462.115
461.152
495.156
522.016
457.248
491.358
528.635
497.749
510.787
515.716
515.733
501.662
496.488
508.341
460.848
482.438
539.469
517.598
506.804
467.561
499.984
467.578
549.812
478.912
457.547
456.842
543.964
466.315
510.725
497.876
501.913
481.305
453.51
502.79
490.092
541.848
510.562
501.953
460.052
503.666
452.944
480.881
492.64
511.581
453.096
466.815
496.809
472.672
540.353
520.479
470.978
487.809
461.196
471.624
509.732
531.239
490.192
466.747
452.153
512.04
502.49
484.687
499.424
533.725
496.082
534.149
489.16
461.292
515.489
476.996
459.27
517.722
467.235
523.159
500.305
478.787
520.429
512.72
496.478
471.526
525.957
498.773
488.139
508.594
525.741
501.81
459.109
491.774
463.638
459.917
480.694
457.514
496.331
525.508
500.086
507.785
526.753
548.705
450.139
501.942
484.228
506.831
511.437
474.946
512.648
536.422
531.636
453.53
515.811
496.183
505.9
505.51
499.254
483.084
491.264
532.838
502.76
514.271
476.839
489.209
487.649
505.741
535.42
517.92
534.414
517.629
524.513
494.281
484.558
479.839
515.796
471.92
520.207
510.371
505.112
492.013
458.367
488.337
533.982
460.645
504.576
468.133
488.023
502.332
549.983
485.233
491.263
515.931
505.41
511.624
455.16
507.677
522.44
467.525
471.178
474.969
479.831
462.074
452.269
457.613
544.123
468.56
487.138
450.396
457.672
490.134
473.32
494.68
461.121
503.71
537.027
462.278
498.18
503.16
495.586
514.057
530.486
451.805
452.311
519.347
547.916
488.331
494.016
534.829
548.285
482.44
513.456
494.257
452.118
525.7
512.093
488.333
487.867
500.457
476.709
452.788
540.766
482.647
536.655
541.979
514.603
544.649
524.544
504.282
537.583
522.324
464.871
509.015
496.688
474.573
479.875
466.38
497.767
503.95
549.962
451.095
506.962
494.128
495.142
461.814
492.701
493.187
538.656
478.47
538.468
454.299
504.767
496.304
501.723
506.23
508.366
478.04
518.549
511.906
521.159
459.564
459.7
512.845
543.601
488.649
529.369
457.708
534.203
463.699
517.959
451.148
535.211
498.291
531.026
516.698
509.273
490.799
501.556
487.904
482.438
496.942
546.619
504.249
487.066
523.685
496.872
524.669
469.779
534.537
509.317
497.543
542.832
466.168
547.473
509.299
520.057
452.473
489.539
472.76
483.552
510.556
471.389
479.965
489.055
454.052
503.441
502.979
477.119
520.519
491.651
486.013
524.88
506.091
537.591
452.762
464.451
482.995
491.206
469.365
491.017
473.21
467.139
451.345
489.677
504.755
508.941
498.567
474.667
520.672
515.21
453.872
542.176
523.29
530.043
509.015
525.074
487.485
463.812
472.958
462.991
496.097
545.078
514.851
488.25
490.861
451.904
488.713
515.885
533.433
505.636
497.386
496.384
506.682
500.861
490.036
497.845
509.382
529.871
456.251
536.063
490.21
534.082
488.137
545.569
486.73
510.468
502.239
514.147
480.858
482.204
460.393
547.41
528.592
460.32
494.163
521.066
508.479
492.164
466.082
504.464
495.362
528.489
472.197
532.41
485.624
515.719
494.425
501.888
452.277
524.77
453.336
477.31
506.391
538.074
480.874
535.453
462.325
474.321
545.659
488.164
463.488
516.521
497.252
503.766
486.388
490.751
544.384
543.15
455.26
456.584
500.388
507.276
483.985
517.204
514.1
530.168
484.589
543.449
506.48
502.153
495.023
526.848
485.779
484.278
545.66
537.65
542.34
504.465
456.66
532.354
471.859
547.87
507.607
491.765
481.687
487.69
513.615
509.952
490.936
485.739
471.314
545.003
471.069
510.483
523.613
474.529
479.587
532.668
491.562
464.755
495.234
493.487
453.279
543.165
470.909
458.316
453.218
542.674
523.572
516.381
507.755
466.528
463.94
509.994
481.975
479.053
527.612
526.023
505.3
549.873
515.135
474.637
457.249
508.431
513.56
531.593
505.586
473.548
478.86
464.857
481.992
547.037
483.05
544.983
524.133
495.07
470.676
483.934
473.592
488.579
530.93
511.195
498.211
457.771
492.932
509.586
494.028
532.144
456.424
492.968
497.725
507.838
485.599
499.984
462.771
502.205
479.415
483.49
471.672
466.295
494.044
471.13
495.325
454.239
462.275
530.76
521.495
503.772
529.961
456.708
508.177
521.656
512.991
523.911
522.475
483.842
497.372
501.297
513.217
460.471
474.379
504.019
481.851
487.154
547.504
493.263
512.771
524.886
501.022
518.011
462.753
483.539
549.083
496.41
535.581
501.753
487.636
503.642
476.915
541.509
489.001
490.303
468.57
455.617
460.244
492.277
524.048
525.468
501.425
464.958
544.175
491.883
468.843
522.781
527.705
466.269
520.599
482.097
492.762
498.28
496.056
465.839
542.097
520.602
470.08
526.591
455.283
537.831
511.02
518.056
482.488
496.305
546.453
500.885
497.835
472.286
488.451
491.633
488.553
482.025
496.412
513.135
472.667
475.688
510.954
519.426
510.63
529.762
469.353
495.765
537.349
475.798
543.939
536.12
505.067
502.32
506.846
495.015
509.279
475.829
473.017
518.599
501.673
530.939
471.416
517.478
493.342
460.515
483.921
469.126
467.38
498.414
487.344
516.439
508.545
462.083
519.022
512.907
490.618
507.638
458.637
520.465
535.87
494.777
520.196
507.869
516.999
522.961
535.591
510.265
480.533
464.394
496.671
505.527
543.131
495.685
451.535
490.908
484.001
507.374
450.168
457.852
535.157
487.482
513.995
488.676
543.049
464.668
499.155
467.628
506.72
501.663
518.081
469.779
516.018
518.621
451.289
490.463
516.166
542.938
513.757
450.947
500.89
497.805
510.623
492.417
513.771
544.369
493.572
508.326
482.4
458.383
505.552
534.989
542.663
451.851
495.252
473.681
470.504
548.665
528.648
512.444
478.775
501.407
530.093
540.789
522.579
496.886
509.597
456.807
468.619
537.6
543.96
480.596
539.588
464.571
511.232
538.758
538.813
484.324
505.629
543.125
502.52
542.622
501.472
461.498
488.362
479.411
531.877
544.655
523.313
461.715
467.051
494.261
460.901
464.672
531.523
485.157
472.002
518.027
475.944
494.494
494.945
527.509
470.429
460.25
504.717
502.74
511.78
510.714
487.967
453.915
452.585
548.921
516.657
454.353
461.2
455.368
486.944
509.559
545.76
451.937
472.472
453.388
466.772
502.82
452.718
488.916
505.917
534.241
504.324
522.677
483.543
539.32
518.692
475.476
500.272
492.131
493.86
513.48
483.635
463.084
479.371
481.751
451.348
499.961
486.005
477.331
499.724
505.934
497.678
464.765
462.057
461.459
488.851
486.673
473.262
514.327
487.008
503.702
514.059
463.61
457.729
476.907
475.422
508.922
524.502
454.05
497.732
534.377
525.067
536.758
497.219
454.922
517.075
547.698
498.433
468.711
528.621
530.146
497.732
522.356
463.791
471.612
520.669
513.812
543.896
496.433
506.663
477.651
450.813
507.103
515.283
490.477
475.53
455.225
536.567
480.398
500.466
475.818
529.63
528.862
532.778
546.641
496.623
466.81
505.318
464.422
537.147
519.479
509.795
497.089
490.263
490.625
533.24
506.267
528.899
490.858
489.184
517.486
512.109
497.516
511.442
536.365
511.587
524.875
500.333
548.959
473.784
497.282
490.775
456.505
458.773
517.431
468.755
474.316
510.761
464.254
499.721
512.475
478.946
529.422
515.046
474.138
459.158
539.613
508.714
472.265
500.982
471.837
456.994
455.514
479.081
488.958
531.402
499.998
506.198
502.412
488.375
489.155
511.566
526.623
472.557
487.55
498.098
457.222
481.43
479.056
509.904
484.506
547.567
533.972
530.871
493.909
538.924
473.059
535.513
474.269
465.164
525.913
506.256
534.54
490.065
491.571
506.803
464.641
521.277
489.639
508.138
452.167
536.72
498.23
486.328
458.18
507.525
499.625
452.12
497.781
492.532
453.387
530.684
477.76
494.368
542.448
532.867
484.048
503.011
501.773
517.647
516.604
541.266
463.696
528.401
532.187
454.279
485.87
474.274
526.804
524.446
540.605
525.65
525.964
532.578
497.186
477.257
464.809
456.475
506.651
485.778
507.37
541.984
506.114
501.579
476.758
521.148
532.326
497.291
490.84
492.327
540.556
541.645
484.131
485.551
460.729
512.551
533.758
495.032
516.703
546.207
519.146
528.229
464.691
519.643
543.659
538.987
466.579
538.168
456.87
522.566
468.439
492.819
458.939
450.693
489.766
472.899
486.523
536.206
490.87
496.428
456.262
538.508
543.567
513.527
490.036
547.218
470.871
509.479
518.461
535.379
469.607
518.876
462.84
520.964
502.197
502.735
488.974
479.674
455.089
480.302
471.618
480.605
509.028
522.399
548.225
525.52
495.959
498.139
450.102
486.174
496.268
490.302
479.925
511.492
463.472
490.585
537.459
498.917
532.507
511.837
458.802
483.776
510.057
486.962
536.667
469.983
499.289
541.68
471.99
476.694
517.218
518.404
456.393
454.944
480.998
470.854
486.697
492.882
541.561
541.582
459.455
503.735
488.182
505.891
490.134
454.675
520.086
517.197
473.212
463.778
531.048
503.563
545.721
501.14
494.907
481.874
457.758
515.749
496.723
502.296
480.422
459.824
461.352
509.983
478.38
540.919
530.264
545.356
472.924
544.359
510.362
477.751
509.023
475.128
485.67
503.191
494.08
462.61
532.27
451.326
529.521
510.44
477.201
500.74
453.933
466.902
500.367
468.008
524.856
496.232
496.924
495.12
499.385
460.147
453.705
494.264
540.685
501.228
500.03
506.128
543.841
511.369
509.737
525.959
546.288
539.45
471.755
453.236
497.767
457.919
513.678
480.315
494.558
497.168
457.098
478.207
508.283
487.868
475.469
529.794
486.945
531.712
463.634
547.557
470.053
524.991
523.352
463.471
475.452
453.291
487.032
505.839
532.257
495.822
504.861
495.583
515.162
468.717
542.357
532.443
469.651
534.195
478.267
466.01
509.454
491.802
453.684
529.657
465.79
499.388
463.387
525.252
498.446
465.305
501.928
501.814
495.314
545.115
477.618
459.911
465.426
450.522
544.283
483.845
492.492
504.556
484.717
504.482
461.606
509.884
455.666
521.656
457.401
506.558
454.962
526.796
453.676
466.873
508.327
534.135
474.706
480.348
491.27
534.193
461.741
521.295
537.424
486.642
470.233
472.179
529.668
486.002
549.94
476.46
542.526
488.273
501.128
510.32
480.206
522.419
517.611
545.953
481.723
508.72
475.805
517.412
475.814
531.03
539.464
492.747
483.598
510.472
528.385
518.551
497.191
547.832
470.989
524.96
487.282
519.193
534.47
476.536
476.197
509.358
522.815
494.431
532.31
503.068
498.268
541.206
453.103
453.653
506.056
536.426
532.941
542.289
502.992
548.959
536.287
456.954
526.712
464.19
530.302
461.17
490.857
485.231
541.647
541.952
466.212
512.314
512.277
497.828
493.754
470.942
523.799
452.475
504.077
512.548
502.75
498.235
527.627
537.54
511.592
512.978
483.497
545.804
498.192
534.711
455.835
491.708
495.751
532.475
450.288
500.154
502.863
516.37
464.071
459.436
529.042
511.317
500.133
465.623
513.079
503.633
450.913
488.099
504.756
527.983
496.898
527.302
451.785
520.285
450.167
486.289
512.323
459.011
505.821
466.636
453.704
497.007
524.338
467.619
493.237
454.137
491.072
534.74
549.102
494.053
500.692
500.614
464.286
489.873
536.385
478.807
541.163
478.833
504.137
474.256
473.686
505.573
454.859
504.31
484.6
523.901
465.922
548.935
474.065
450.447
473.754
508.93
497.667
547.436
461.691
487.653
517.914
526.18
532.117
475.002
508.604
542.143
497.207
523.119
523.982
498.786
514.803
505.698
503.955
463.331
495.537
519.528
451.437
487.851
469.475
535.692
509.42
512.907
514.33
537.327
468.448
476.418
498.308
530.617
450.204
492.927
465.381
495.887
499.653
541.87
506.807
537.274
528.524
535.58
456.561
499.025
467.337
520.701
496.824
475.404
494.885
477.376
482.576
546.729
457.407
475.71
495.517
484.601
547.685
515.219
511.821
536.534
547.882
457.005
543.227
479.947
521.338
463
516.19
456.088
536.161
489.679
531.839
463.782
472.007
464.591
519.482
518.984
502.855
547.727
546.959
547.685
450.743
523.269
514.099
545.198
492.927
511.127
488.618
529.654
456.532
511.792
479.795
515.83
501.4
466.935
547.803
538.876
488.141
500.95
455.237
454.864
525.102
533.386
471.179
466.746
461.735
466.775
454.549
518.224
505.904
506.555
485.634
548.787
456.963
485.333
451.496
529.22
548.223
519.829
528.757
476.434
516.162
513.753
549.374
477.307
534.401
524.803
471.991
455.17
454.123
504.032
521.644
501.296
533.106
484.26
464.282
489.33
473.344
532.483
520.827
473.287
496.319
485.199
475.945
545.145
480.137
543.043
514.041
542.882
532.759
531.624
479.156
545.305
499.201
484.983
468.079
481.423
496.849
530.204
500.199
548.442
540.58
519.844
548.002
527.134
487.633
503.051
496.503
526.051
500.847
531.042
548.051
453.157
491.216
530.01
532.195
546.357
511.359
495.529
542.316
534.681
484.596
508.76
492.051
532.668
522.289
534.709
460.03
479.273
507.227
501.974
506.193
470.408
546.595
470.1
472.37
470.732
492.268
510.277
489.818
496.725
474.906
457.611
519.823
538.752
466.534
512.615
457.444
530.183
452.063
509.064
500.083
476.635
510.208
528.202
450.095
508.858
519.558
492.295
523.606
492.401
473.013
512.811
505.387
509.134
460.658
480.525
537.224
530.599
512.368
492.731
546.077
460.934
494.703
495.37
488.311
486.166
530.88
509.054
517.492
529.578
459.64
498.943
493.525
494.347
529.421
480.351
452.054
485.079
497.834
521.793
454.035
485.486
495.066
486.899
541.885
521.108
460.441
483.074
459.091
452.936
474.093
450.072
465.327
497.487
523.771
501.725
463.175
511.495
495.293
481.372
532.133
502.766
501.851
519.355
532.224
486.668
457.329
499.982
514.8
492.979
469.391
481.134
472.97
516.238
463.715
504.266
454.866
476.185
527.499
502.305
479.305
484.245
499.334
529.011
463.166
513.106
515.119
497.567
526.911
523.975
456.786
500.734
544.883
452.4
467.354
453.384
471.722
450.903
493.122
500.232
470.03
453.63
451.004
471.043
452.15
467.459
495.415
480.171
532.952
501.593
497.036
515.246
490.667
516.897
533.073
502.451
472.366
515.791
490.629
460.059
463.198
547.077
518.277
545.683
538.148
496.606
509.752
544.512
501.848
482.726
523.568
491.125
464.016
489.476
519.259
455.92
459.92
545.026
471.094
462.191
513.343
535.318
523.186
517.133
476.512
504.572
506.605
506.522
482.196
484.886
479.272
540.995
520.998
516.812
486.789
505.533
508.893
487.684
467.091
501.741
461.253
451.214
549.948
491.085
472.669
539.675
525.213
515.718
472.772
523.237
511.253
466.987
532.275
490.071
489.749
505.657
507.864
463.569
504.96
451.3
468.353
536.686
493.095
505.97
534.75
514.905
494.452
482.853
515.542
518.851
461.025
507.404
470.27
450.129
507.31
511.135
549.383
479.924
456.019
453.209
497.489
491.692
514.532
468.679
478.359
468.959
466.142
536.654
516.063
518.56
481.005
520.932
537.624
472.135
544.144
543.776
545.563
452.168
488.143
496.494
517.07
485.815
460.437
496.491
505.629
456.735
458.658
527.507
457.71
460.032
505.042
548.485
479.028
476.972
483.316
546.607
539.026
463.023
461.708
504.042
526.911
510.238
459.286
503.264
453.399
493.582
465.813
499.067
490.167
518.184
488.609
514.893
457.499
501.811
498.79
497.653
467.538
466.724
532.386
496.287
499.469
454.868
466.422
528.216
501.186
494.979
521.388
533.118
541.591
507.235
534.829
521.63
471.272
499.921
529.852
524.609
501.913
498.059
459.398
528.561
483.495
491.702
548.069
545.395
479.332
535.453
519.065
531.636
474.361
523.514
490.13
471.897
535.199
466.044
450.765
513.655
458.786
495.372
469.704
488.459
518.656
491.097
537.949
485.641
468.762
462.328
500.095
464.603
467.998
484.544
513.996
529.362
498.868
467.41
493.6
460.915
507.558
454.132
475.681
456.2
522.317
496.971
491.904
462.646
457.223
548.408
482.944
492.362
502.538
497.376
493.842
470.901
498.415
523.89
540.206
459.03
480.239
499.336
505.466
494.624
480.798
452.75
539.593
509.784
548.569
463.087
480.656
474.528
540.344
495.424
493.576
455.398
521.592
478.441
500.428
455.966
497.526
534.17
455.262
469.68
517.01
460.626
476.512
530.305
507.362
496.195
529.783
536.013
538.986
458.478
539.408
497.17
491.726
479.074
498.966
489.355
504.254
534.351
454.177
467.322
459.042
480.403
541.412
484.653
472.364
533.14
501.319
548.334
479.143
531.674
497.265
477.561
548.304
549.073
468.288
480.411
517.758
508.184
544.591
492.406
482.686
546.139
480.05
512.376
486.733
541.017
496.469
471.428
511.431
529.115
469.96
508.576
455.377
515.428
460.875
504.965
504.583
504.505
452.222
487.417
507.227
501.854
465.028
494.493
541.768
497.746
547.157
533.125
471.755
536.097
548.566
492.865
469.13
513.579
508.269
517.746
518.12
520.403
461.029
492.559
517.376
465.399
495.44
502.545
511.116
511.656
486.409
549.188
479.239
456.11
515.064
484.903
471.828
487.857
463.375
537.196
490.87
480.652
499.939
502.122
521.001
499.983
496.989
493.841
480.497
468.416
506.71
488.362
468.282
472.672
495.646
541.517
488.109
452.909
502.464
457.201
460.75
472.487
487.341
453.746
504.475
527.425
467.579
453.922
505.695
494.327
509.773
510.221
470.661
512.739
498.529
527.373
483.712
456.383
524.574
462.706
481.572
488.704
549.681
530.739
465.817
484.335
500.884
470.193
530.852
532.702
506.614
522.86
461.544
495.045
458.206
476.738
532.084
464.776
458.201
470.113
484.524
497.381
539.449
462.784
481.544
546.324
522.139
462.611
456.367
528.647
455.998
482.001
455.35
539.499
483.107
540.196
530.656
542.274
530.371
544.545
456.495
498.944
500.072
488.615
454.379
453.718
479.247
542.422
535.216
518.954
526.244
490.394
500.244
524.812
470.188
465.059
502.638
467.284
473.06
470.866
466.074
499.831
533.845
465.674
510.39
507.03
501.76
534.641
547.018
527.956
472.752
512.877
496.436
523.434
548.025
517.112
538.582
532.712
534.255
503.294
491.053
516.39
496.243
487.795
527.772
549.43
500.681
510.07
489.093
484.939
467.14
496.723
509.21
496.521
489.41
504.343
471.463
480.552
497.696
461.351
501.547
477.981
497.749
530.629
493.014
472.015
453.494
530.32
509.282
503.882
499.656
531.95
503.585
498.874
488.167
527.625
483.802
530.841
511.375
462.628
541.851
521.397
524.105
501.14
492.16
462.366
487.727
461.615
506.655
463.373
498.325
520.424
470.473
498.628
526.323
469.648
453.241
464.276
450.629
471.822
546.645
529.162
458.31
494.79
469.766
465.977
451.325
466.793
487.629
497.539
475.074
502.095
528.523
529.807
520.451
538.574
542.757
528.556
525.8
498.699
499.039
498.721
547.853
488.273
495.276
460.069
460.961
523.935
497.982
459.58
536.438
524.239
533.95
542.471
508.304
473.589
457.34
500.533
481.618
490.706
513.733
453.76
545.413
461.255
482.668
515.947
495.016
503.33
478.887
462.707
490.737
509.499
476.183
470.455
452.555
499.037
526.381
534.825
541.337
499.955
468.76
539.173
508.124
489.144
507.967
523.383
492.213
464.698
508.028
466.776
514.442
504.989
475.618
493.708
504.476
472.708
480.063
454.14
497.763
529.524
496.8
501.275
508.784
467.463
487.138
520.103
538.422
472.507
512.296
473.431
468.446
508.192
467.67
473.281
521.653
531.72
529.572
541.32
450.464
528.689
494.966
461.462
478.557
498.841
480.465
544.917
489.355
469.607
460.819
470.876
472.541
539.965
509.837
534.384
487.972
542.333
481.468
471.463
511.228
495.63
491.764
505.722
467.12
493.186
497.703
496.939
472.119
519.489
463.762
502.991
495.908
536.678
533.075
460.416
470.35
450.604
481.658
518.175
489.511
540.007
466.127
493.545
499.139
465.923
494.908
455.409
540.747
538.246
535.751
484.13
547.906
450.34
494.758
493.39
473.473
495.975
540.272
543.09
482.602
500.028
496.802
497.07
499.987
491.844
539.597
515.287
465.757
542.817
513.647
471.366
463.703
467.481
491.382
497.059
481.421
489.363
461.162
476.82
490.842
507.201
474.233
485.472
484.287
454.481
508.392
505.698
466.64
542.063
479.034
473.955
488.949
452.225
531.717
535.798
514.075
468.861
476.165
481.298
450.453
495.885
532.441
450.149
539.794
485.715
457.586
544.023
524.564
543.298
541.288
483.829
509.769
483.504
479.516
530.406
545.52
450.488
520.354
493.966
495.542
535.495
472.529
486.738
492.817
490.228
484.328
514.641
483.668
493.349
455.31
468.031
498.764
476.243
549.661
492.127
455.817
487.161
498.672
518.315
462.586
536.599
549.553
488.117
549.603
466.188
522.569
533.659
497.783
481.703
482.256
466.558
472.338
458.963
504.792
471.734
483.79
511.197
497.348
504.172
531.096
549.007
503.815
462.239
466.468
533.451
470.918
535.687
519.153
536.385
541.782
517.101
464.703
506.264
518.347
548.517
487.942
535.621
490.204
527.134
479.529
523.644
506.191
501.662
494.821
528.974
526.527
482.991
476.454
549.676
532.003
458.587
510.691
490.066
463.392
504.612
483.402
497.669
503.825
545.439
466.307
471.011
507.256
510.845
534.535
454.606
530.287
539.811
507.428
481.161
468.661
513.09
498.734
488.528
497.351
491.038
468.017
457.277
472.403
459.791
503.918
535.759
454.089
527.637
497.861
505.287
476.967
523.688
535.016
453.191
496.365
512.349
505.476
479.176
533.066
464.751
492.467
480.806
462.444
464.534
493.79
530.323
484.098
527.509
451.839
513.08
520.796
493.166
528.497
540.606
510.298
534.748
452.686
498.969
529.687
498.628
472.795
502.007
473.568
527.47
500.545
510.191
535.695
466.215
487.141
522.879
488.161
538.985
462.642
532.658
535.107
496.298
495.95
499.269
479.073
493.862
503.767
512.351
497.709
499.339
529.517
531.775
455.065
485.676
493.129
481.624
478.136
450.453
467.327
517.263
503.508
528.895
451.65
517.71
538.212
454.461
488.892
450.364
502.906
521.807
462.004
502.273
484.931
485.397
509.299
464.369
463.904
518.68
503.114
523.494
506.362
476.398
450.557
527.943
493.038
527.743
514.357
466.473
548.643
546.246
531.141
452.622
505.113
473.549
455.163
491.794
541.68
494.13
488.131
548.281
541.266
537.744
528.73
514.942
464.732
536.851
531.189
532.713
473.074
493.685
507.473
459.078
548.849
526.716
508.445
492.959
535.301
532.09
452.82
517.21
488.699
473.331
470.463
492.931
459.59
548.123
491.716
498.515
545.588
515.458
479.423
491.132
493.8
495.876
518.994
460.714
494.471
523.544
463.442
548.599
495.521
517.504
458.924
522.355
497.513
535.569
454.753
512.625
493.843
514.379
535.253
513.934
455.011
521.022
527.597
455.967
505.591
512.714
531.374
453.125
526.501
475.21
510.33
545.837
541.848
499.787
467.575
453.222
477.923
479.065
496.649
494.418
533.272
490.01
538.015
544.281
493.799
502.916
504.544
495.1
488.872
491.9
533.203
543.09
498.386
517.937
501.764
534.08
485.308
489.715
546.276
457.768
541.28
539.941
479.961
530.623
470.885
521.839
455.043
485.928
511.597
547.12
479.88
475.168
540.531
461.887
472.039
509.19
461.925
527.04
545.589
547.11
521.812
537.828
546.76
454.22
527.672
457.642
457.391
510.764
464.97
493.088
465.227
533.92
474.192
533.559
522.675
543.097
492.138
538.317
526.501
537.279
509.398
538.249
509.824
493.783
514.813
501.694
509.504
493.984
451.99
524.341
524.049
518.311
543.645
457.028
512.496
492.485
497.24
520.572
489.441
495.225
494.35
516.735
508.803
473.085
479.531
503.779
501.245
495.389
539.377
522.597
450.167
533.321
485.912
498.994
481.775
488.062
545.375
526.164
499.789
497.148
477.346
457.211
469.338
461.1
503.347
490.344
465.84
454.896
494.79
528.812
488.108
483.671
531.636
455.197
493.706
535.127
491.562
484.027
505.514
522.421
450.629
454.96
482.969
514.306
525.039
500.603
489.284
460.458
503.38
460.906
476.483
546.975
529.032
497.291
519.67
475.141
467.139
532.981
468.035
471.876
493.973
521.685
466.176
465.695
527.587
498.686
514.879
504.148
498.374
475.462
526.188
525.907
481.601
470.006
502.62
475.24
492.084
505.877
492.372
548.981
471.846
459.162
486.111
505.518
484.317
489.546
450.396
466.168
544.894
450.002
493.806
500.832
493.175
510.542
470.044
474.173
488.277
535.047
499.322
535.228
508.91
477.392
521.061
544.851
458.114
454.375
517.521
473.301
529.338
527.988
523.85
493.918
492.178
462.293
469.624
529.038
466.677
501.158
518.773
536.282
494.52
470.178
465.09
537.289
485.819
475.144
490.979
526.413
520.362
461.552
459.286
549.948
463.024
512.502
491.9
488.187
492.189
525.6
520.678
543.944
509.354
470.025
489.743
545.536
498.612
477.018
494.703
506.998
549.897
465.213
530.469
514.844
462.69
494.874
494.182
471.958
453.218
544.212
516.775
454.794
501.958
533.111
507.274
511.499
519.773
481.984
487.757
545.337
537.206
486.234
547.444
522.267
548.536
455.983
511.782
459.27
530.094
515.983
481.224
537.576
464.83
517.246
534.924
491.529
528.611
481.622
472.397
482.967
495.213
473.278
456.152
507.108
506.632
493.153
487.899
481.993
484.067
530.876
451.003
504.339
520.46
491.938
464.391
462.383
547.057
510.863
493.425
478.851
549.823
455.699
500.865
483.732
521.242
500.212
475.574
490.374
530.965
505.777
462.894
529.631
548.331
505.884
454.597
517.297
531.672
536.315
500.389
543.46
502.774
506.127
543.397
514.716
528.737
500.903
492.25
501.74
486.973
481.631
499.054
494.139
461.914
494.656
469.566
504.169
492.072
529.203
483.689
478.715
458.118
489.385
473.607
504.477
502.913
517.963
486.186
453.718
500.566
452.267
507.07
518.554
469.636
476.092
481.31
537.975
470.474
505.182
504.079
505.529
457.125
494.771
460.464
464.413
525.764
507.412
476.397
531.891
523.871
473.25
500.727
530.266
455.368
525.566
481.954
465.116
487.281
479.772
540.013
499.567
547.069
452.229
487.428
495.487
452.11
519.962
469.732
524.534
450.13
542.846
548.646
484.798
468.101
463.19
511.309
497.796
511.141
505.972
484.802
518.823
473.766
504.674
503.877
534.816
512.051
468.162
537.387
479.797
484.214
495.793
487.421
482.872
490.096
485.314
504.629
511.22
468.749
525.383
547.884
454.5
479.98
473.047
549.748
503.186
527.465
469.275
498.111
545.583
466.377
472.585
454
459.577
515.574
533.052
487.835
510.054
452.761
488.288
499.238
472.221
471.701
528.31
507.738
484.363
455.067
487.418
497.54
501.615
492.12
473.311
455.554
518.475
475.201
512.698
477.043
468.957
480.185
501.922
459.233
524.895
505.523
487.197
495.584
498.487
522.097
532.604
499.124
490.411
520.558
457.536
493.959
516.528
486.389
457.269
502.675
479.286
537.774
466.099
499.328
464.499
526.731
482.834
500.113
495.513
459.296
485.545
453.104
503.319
494.093
502.996
483.734
527.013
460.635
492.991
470.357
492.624
534.83
497.256
516.661
467.049
475.732
466.174
529.584
516.513
463.829
510.882
532.484
485.271
470.46
518.511
545.218
499.539
517.193
483.975
461.016
480.238
525.408
468.055
546.891
499.864
468.808
471.282
516.962
495.468
467.686
489.426
453.682
530.862
450.038
511.244
508.589
450.714
520.051
543.935
497.685
466.437
538.259
480.2
476.883
543.745
517.909
484.031
456.366
504.33
537.414
521.2
511.463
547.777
452.064
500.599
492.189
468.445
533.459
540.779
483.638
513.729
523.248
469.491
498.896
494.871
528.049
452.138
548.622
520.616
481.465
516.572
548.441
471.459
450.45
455.417
498.417
523.004
544.418
457.336
464.756
526.815
502.42
488.774
523.357
515.514
505.288
538.922
480.968
518.565
467.536
464.656
489.324
523.562
455.772
468.975
503.519
489.854
533.848
488.458
466.027
538.664
501.089
475.034
531.552
508.048
531.516
544.032
502.035
508.332
450.685
517.818
548.107
476.185
487.73
524.833
486.807
502.144
484.843
505.515
503.301
500.116
508.849
518.332
469.448
497.472
494.353
478.366
488.148
535.863
513
495.336
520.936
520.149
487.056
496.321
500.782
470.058
515.481
523.652
495.888
498.77
549.303
483.874
492.651
497.692
478.087
509.352
456.998
504.772
495.954
473.728
503.658
461.432
519.235
495.824
504.284
499.151
522.069
484.644
472.035
450.507
535.478
488.604
450.434
545.98
464.249
534.212
465.673
500.064
538.031
515.561
493.465
500.131
508.992
548.97
493.591
451.958
460.645
486.759
549.75
531.468
536.973
523.054
544.017
526.085
525.805
489.688
498.242
512.641
472.676
494.778
458.537
461.434
504.273
522.278
528.579
542.743
526.04
539.519
520.483
458.767
502.302
496.667
463.113
523.014
548.736
515.333
479.126
484.74
455.843
461.777
451.086
452.916
499.119
498.086
498.142
496.245
476.387
502.033
508.943
527.432
528.355
478
504.964
468.852
477.279
528.417
501.112
532.027
505.127
476.028
528.391
515.648
538.807
528.732
493.743
483.97
485.248
479.184
475.003
537.623
460.609
499.214
543.478
528.476
533.265
490.421
546.604
544.02
473.759
512.935
498.498
546.794
488.069
506.025
536.525
500.156
496.886
512.356
453.243
460.776
496.935
546.914
528.425
478.553
537.717
489.265
496.091
487.597
475.116
510.166
487.416
472.349
462.064
497.417
474.157
529.837
500.842
545.153
529.69
480.47
450.32
513.939
468.906
484.182
512.337
513.995
513.881
472.753
513.617
525.909
487.266
540.335
515.784
493.169
505.787
518.907
461.787
543.393
492.386
517.865
526.214
475.071
545.13
476.629
473.952
494.331
470.953
498.071
548.034
539.762
535.612
498.624
524.408
487.427
467.249
539.372
460.719
455.92
513.137
484.319
529.911
509.146
537.558
494.617
504.702
490.102
512.275
496.118
498.89
465.714
485.95
537.482
455.209
536.41
466.578
532.266
541.968
494.187
500.369
466.6
484.745
534.749
452.521
463.884
456.423
492.958
481.744
500.625
530.574
457.464
451.522
496.08
514.073
511.375
536.726
478.368
543.516
545.083
503.175
467.734
453.086
456.784
487.603
451.201
530.249
481.148
471.087
536.222
456.292
485.836
519.648
533.109
470.327
546.669
468.492
471.37
548.206
455.995
504.774
518.337
492.916
458.074
488.492
464.665
543.609
460.668
469.916
528.238
530.91
531.106
504.686
471.013
527.04
504.78
512.535
495.922
541.146
534.902
464.969
504.738
480.586
526.527
529.727
485.381
453.366
531.545
476.585
510.675
461.043
507.086
501.765
462.726
457.823
539.137
532.589
523.528
511.481
517.119
516.708
476.2
534.19
512.446
480.334
495.801
454.148
489.281
539.937
499.156
494.402
503.273
502.043
531.668
473.441
518.336
486.122
538.994
474.755
500.732
549.242
477.54
486.013
471.782
489.503
543.069
538.674
485.267
530.5
463.977
525.197
494.533
467.126
543.715
482.397
505.781
473.15
479.605
549.48
505.651
537.812
502.339
483.083
545.069
492.429
471.712
463.803
547.969
501.177
516.083
515.624
507.077
528.111
540.898
526.057
512.641
503.666
485.824
518.383
518.865
524.139
498.285
488.084
509.588
450.711
546.904
505.312
527.479
543.897
534.286
526.268
454.862
520.542
521.169
483.539
545.224
456.524
462.099
469.609
486.533
548.267
518.501
513.411
481.814
534.601
512.051
460.781
545.588
495.148
453.063
545.964
468.38
453.065
516.208
498.619
492.135
515.12
520.496
493.849
494.748
451.679
461.301
503.225
522.605
540.075
466.679
458.087
499.459
512.796
534.183
487.363
451.773
493.707
490.586
536.486
513.394
544.129
523.921
538.765
453.193
533.023
531.561
519.065
494.068
468.004
545.757
515.76
455.313
480.937
491.216
481.823
478.079
519.055
511.229
457.308
514.611
473.315
511.245
519.747
474.318
500.416
489.366
547.014
471.065
485.874
458.143
496.745
453.154
494.463
532.098
482.484
494.67
535.614
456.373
498.466
527.552
544.585
535.552
539.079
520.164
487.291
510.895
520.863
457.102
465.051
467.817
499.837
495.905
544.758
498.264
486.117
488.76
541.508
529.294
490.607
492.507
525.871
472.349
494.162
495.17
466.528
477.854
475.799
499.896
474.807
464.485
451.409
546.631
504.867
513.016
468.87
519.246
495.987
482.412
475.507
453.359
452.427
545.206
501.442
511.32
495.852
496.645
508.945
466.904
530.824
485.339
482.014
526.225
482.871
451.132
493.09
460.266
513.425
523.005
480.734
454.398
533.397
511.366
534.442
529.422
534.566
464.068
507.364
480.195
547.601
491.569
501.863
467.762
467.408
492.106
462.603
541.313
479.221
491.319
517.356
457.078
518.994
540.188
547.142
517.266
489.227
494.153
490.813
499.873
462.09
480.011
456.457
538.027
493.719
451.584
539.863
500.275
528.07
514.095
461.637
502.01
504.454
532.21
511.289
487.069
545.735
463.568
451.607
530.796
488.042
503.652
490.594
539.8
513.75
491.618
502.611
526.785
523.708
465.46
508.121
497.034
497.93
497.586
501.941
521.663
487.791
503.61
541.561
509.854
452.45
487.311
499.588
536.509
506.24
492.796
547.167
545.927
536.933
512.582
478.664
469.096
503.279
538.603
513.952
549.064
459.713
509.03
460.866
500.308
542.984
499.813
542.116
472.53
496.092
494.296
484.283
454.15
508.948
478.891
492.99
524.177
500.732
528.452
494.234
462.34
522.289
497.778
475.58
492.238
470.241
470.456
452.726
517.52
457.306
498.682
462.229
526.863
548.581
518.669
506.356
504.703
495.321
491.896
534.129
469.99
543.043
517.005
492.462
520.475
455.196
516.404
517.055
526.074
504.981
523.135
472.075
456.173
506.896
539.499
511.969
474.535
486.413
464.887
511.665
454.525
496.723
545.961
495.35
525.448
549.223
466.043
482.122
496.184
508.828
467.998
466.2
517.724
513.837
460.601
537.376
525.313
511.174
514.529
467.722
515.528
479.503
478.075
526.443
497.103
491.316
463.645
482.87
541.393
497.888
530.459
511.788
526.633
499.632
518.133
483.649
486.121
514.782
507.358
484.51
520.356
473.519
504.768
461.799
497.827
529.154
472.691
475.289
485.09
538.334
522.922
535.745
533.788
451.044
493.526
450.422
528.789
469.557
455.56
504.342
501.292
482.387
504.332
486.062
476.648
489.757
484.225
460.866
480.267
501.507
501.332
504.408
479.408
547.013
519.666
517.944
497.23
509.449
499.893
479.1
499.101
533.07
509.018
450.351
523.991
534.367
489.233
543.021
510.828
507.648
506.749
524.801
536.819
486.575
512.232
548.712
504.151
525.704
538.003
519.797
535.796
544.307
516.884
490.458
505.008
461.933
458.683
498.457
459.641
459.165
516.301
522.871
466.938
459.433
496.262
456.264
488.215
508.331
452.749
462.608
497.378
540.591
496.437
499.952
507.371
486.737
458.166
535.958
478.091
543.149
498.98
459.732
512.067
490.523
451.85
453.216
502.106
539.832
483.196
477.977
459.133
544.404
483.021
504.268
457.242
516.281
488.821
456.356
506.676
542.918
450.842
476.899
454.872
461.447
482.761
497.076
535.193
532.845
468.586
548.056
533.667
500.645
539.799
527.713
479.04
533.719
491.166
539.417
508.058
486.117
499.443
499.588
537.732
460.543
466.364
455.706
485.308
529.364
537.407
518.352
521.18
536.56
478.105
502.114
471.522
534.619
494.414
500.688
493.271
491.841
475.885
542.675
517.279
525.093
522.66
524.814
475.55
545.773
452.54
485.972
518.284
533.798
453.989
541.417
474.202
498.233
534.979
524.248
544.903
516.426
538.127
535.365
548.796
477.974
545.153
526.724
469.255
454.8
529.189
515.622
492.399
477.909
537.056
496.641
472.535
473.102
466.394
485.734
483.696
460.585
468.449
492.691
496.24
491.728
544.676
473.533
508.372
512.023
531.175
496.499
533.782
466.01
534.869
526.968
488.91
538.906
497.12
457.58
515.581
486.215
508.764
512.667
463.353
496.867
460.158
542.884
457.008
516.91
471.415
489.918
464.825
468.124
537.317
495.752
516.152
495.504
493.516
458.972
529.534
534.354
496.984
508.468
523.407
521.718
467.818
480.907
462.615
527.484
544.511
471.403
471.648
460.997
464.046
544.83
539.691
458.33
466.079
517.336
468.078
489.308
541.954
480.952
537.295
514.302
477.931
525.042
548.227
466.29
546.373
487.763
539.387
526.874
534.29
491.963
547.997
495.335
465.773
516.276
456.388
544.499
495.179
466.422
509.841
457.464
487.893
491.831
545.943
522.273
522.797
459.636
461.877
485.574
518.375
476.745
482.212
451.639
458.47
468.759
491.701
478.708
458.3
497.527
479.261
462.958
531.259
506.958
485.385
487.231
496.171
542.023
483.232
496.307
504.819
510.716
470.65
470.727
533.565
490.592
470.064
474.043
499.581
453.464
485.273
467.913
450.82
542.519
491.113
472.658
488.915
547.816
455.847
533.239
494.187
494.604
495.561
518.789
510.468
487.171
497.967
485.602
477.487
477.937
487.072
497.569
542.284
466.314
543.65
504.702
467.469
490.473
495.113
509.82
514.199
498.672
463.196
478.053
523.39
466.986
451.571
461.34
510.081
479.276
526.324
515.12
528.688
455.123
533.256
515.154
464.244
472.102
494.761
450.232
539.696
498.645
506.038
465.77
549.396
452.81
525.032
465.808
522.476
497.93
461.41
486.709
522.928
478.388
544.255
460.578
495.787
547.733
468.075
533.662
454.372
467.703
507.725
539.165
524.696
474.757
505.311
496.24
490.964
471.178
527.822
468.195
488.147
520.762
505.39
479.832
476.117
507.377
530.701
500.109
452.184
453.929
490.942
491.498
482.405
494.429
519.439
453.482
452.085
451.751
495.154
492.457
486.224
530.094
456.272
468.56
465.9
464.666
504.466
463.217
549.799
541.788
485.556
462.911
491.171
544.809
525.791
547.078
475.155
518.888
456.468
471.958
516.566
497.564
519.088
527.121
489.726
481.201
466.475
499.355
500.644
451.575
507.351
487.177
540.765
493.942
462.438
492.069
520.75
453.62
497.01
462.297
462.238
513.547
495.534
510.821
522.54
521.96
473.691
525.243
457.102
482.32
505.592
459.298
501.977
455.787
467.781
472.348
492.113
506.948
486.359
545.17
465.262
496.143
453.494
471.979
458.334
521.754
481.094
510.303
465.117
490.138
507.963
514.363
497.843
489.664
466.751
474.756
493.94
494.931
466.008
503.576
492.499
541.292
519.991
534.802
497.619
495.984
514.974
526.457
522.587
463.791
545.394
504.985
549.91
522.451
491.595
481.526
495.708
461.158
530.14
549.254
507.51
521.021
470.902
544.884
469.44
466.891
526.398
482.293
511.758
506.645
499.604
488.838
546.199
489.084
506.198
465.76
481.626
510.795
462.876
497.374
529.309
483.015
468.372
507.901
547.506
531.794
530.571
540.943
455.463
524.913
460.288
491.977
463.852
482.817
536.042
473.603
509.384
527.838
534.055
502.51
536.131
524.892
535.457
482.926
509.921
525.854
533.372
461.854
479.625
488.572
466
457.655
541.361
473.714
548.396
509.963
514.83
520.297
468.639
501.276
478.119
502.232
518.792
489.853
527.017
530.653
529.839
459.199
461.849
503.544
457.523
469.452
477.885
455.731
463.171
488.044
495.889
470.841
519.781
545.846
461.999
496.17
488.673
491.422
469.352
455.162
514.97
461.667
508.919
500.214
475.017
467.193
539.109
544.551
508.915
456.326
521.762
484.36
540.738
541.034
496.453
509.486
506.805
490.513
524.765
542.48
508.275
521.86
473.094
488.299
497.301
466.101
481.427
497.098
455.967
484.662
493.268
523.424
466.754
502.254
451.224
458.163
452.226
520.003
526.23
513.787
508.912
543.544
510.426
543.265
487.96
544.075
546.076
488.828
519.733
504.282
541.333
533.538
491.895
543.984
481.289
473.087
463.889
486.657
533.928
523.615
467.072
541.543
465.779
500.074
487.457
519.213
513.745
474.167
517.093
506.293
509.635
479.02
525.681
503.159
522.798
548.656
474.852
540.864
533.245
491.769
466.483
489.62
488.842
546.239
525.869
543.135
525.212
454.346
534.083
489.157
509.728
451.142
467.21
454.075
549.465
484.383
548.901
486.52
484.556
487.553
467.464
493.794
487.175
469.447
466.307
536.672
548.092
507.133
454.555
492.545
479.564
531.068
450.026
531.871
514.631
525.966
507.394
463.654
489.35
457.882
506.809
494.735
497.878
515.569
498.768
503.303
513.819
488.919
479.544
467.505
502.192
516.111
512.539
459.351
505.663
478.965
453.262
499.208
490.624
455.577
523.338
469.051
489.848
505.677
547.359
520.92
477.211
472.38
464.927
460.73
494.832
540.491
492.661
492.309
534.17
520.946
479.281
471.119
487.256
484.655
481.368
532.054
458.449
529.711
495.77
474.014
547.506
477.922
451.312
535.497
530.428
541.392
529.757
519.343
461.518
458.318
487.152
482.868
519.731
545.307
502.615
458.881
519.231
542.628
461.248
489.612
486.942
463.985
505.641
486.195
498.599
466.114
535.202
482.381
543.394
548.735
459.282
486.004
470.681
543.584
472.198
464.381
480.789
517.971
502.432
511.994
481.013
464.131
454.814
534.3
536.577
534.098
485.751
498.401
474.597
494.593
530.621
495.764
501.111
529.325
501.641
481.959
495.569
526.736
492.871
507.959
508.78
465.194
465.139
473.754
466.436
499.885
506.151
513.051
460.358
473.169
548.303
522.629
458.935
497.571
516.289
477.87
468.386
462.662
468.126
479.94
495.958
508.301
460.591
505.179
466.39
543.105
484.089
531.102
462.305
456.895
537.622
455.781
491.184
484.905
466.343
507.708
488.522
501.938
522.505
519.44
507.799
456.509
530.627
474.879
531.701
509.447
508.945
498.607
462.505
529.176
526.341
502.502
477.87
450.782
496.065
493.527
480.69
539.771
499.452
510.026
480.591
487.887
460.346
500.43
499.046
516.68
489.293
465.912
492.352
475.77
482.77
458.507
464.104
527.705
510.435
500.767
467.551
489.306
518.287
464.015
510.137
513.528
534.146
529.732
460.194
508.838
494.65
511.199
522.739
510.66
507.089
511.797
489.116
537.181
537.713
542.238
511.533
486.099
543.714
522.925
493.351
531.272
506.604
529.784
459.203
455.077
461.25
501.938
521.071
471.457
501.89
490.986
463.894
516.206
533.236
467.939
490.848
517.57
472.737
507.681
486.26
542.321
500.586
537.717
541.67
523.061
471.749
461.662
453.58
451.058
531.456
513.695
526.844
512.177
476.529
533.881
462.376
527.777
473.424
485.194
517.456
549.113
515.744
452.971
528.727
486.142
474.125
531.491
486.184
534.265
508.665
502.633
539.032
466.705
483.257
498.424
474.193
516.82
535.492
465.296
539.231
503.398
502.126
488.806
547.637
454.345
546.295
458.354
467.88
467.381
500.017
535.664
535.829
491.981
467.672
488.032
473.099
471.214
491.087
470.491
466.257
538.429
505.941
505.287
503.592
541.783
549.617
540.523
539.18
517.719
483.061
463.421
465.717
451.711
482.821
498.965
542.765
482.917
522.783
460.308
457.509
520.152
531.387
491.307
484.647
542.907
496.585
500.403
543.068
534.404
525.183
522.95
503.896
516.003
514.417
490.987
509.643
510.858
544.076
502.568
484.609
458.655
505.458
525.651
519.005
503.299
523.35
502.231
505.072
525.765
475.08
498.092
497.107
490.027
492.635
538.175
494.004
454.915
463.767
530.268
510.293
521.736
455.802
522.199
475.439
498.529
471.053
541.36
495.247
457.276
499.367
544.37
460.826
527.633
502.16
523.342
518.259
539.74
518.544
519.445
475.858
544.737
489.079
485.223
481.909
542.346
459.794
495.196
498.065
452.805
479.389
491.092
501.462
528.585
474.528
510.332
465.687
517.251
501.379
450.676
539.057
513.438
542.384
531.03
486.715
532.419
518.862
504.161
459.098
507.048
451.336
520.952
487.588
461.713
455.039
484.818
494.74
497.528
513.601
486.341
488.732
515.887
454.761
455.494
525.048
459.911
488.429
467.186
496.842
537.166
510.983
468.938
451.823
532.136
500.914
453.122
522.082
549.567
453.504
529.565
459.703
488.129
506.049
477.725
474.825
456.621
537.892
470.609
517.907
498.761
459.641
517.909
486.804
485.858
478.01
478.829
464.216
517.498
539.718
480.19
530.559
505.255
479.361
531.104
511.6
461.873
521.014
491.18
476.552
475.45
476.871
539.18
488.924
485.949
457.138
492.312
458.644
454.341
452.698
544.806
528.18
489.276
452.171
527.177
538.258
522.064
493.753
489.892
468.514
525.821
493.691
468.707
488.635
470.376
470.132
461.132
512.49
479.33
548.581
469.344
483.369
500.31
506.585
520.595
522.433
524.337
538.45
504.201
475.781
525.081
507.499
488.597
530.563
509.407
509.228
497.481
529.975
531.878
473.462
505.934
456.347
525.449
480.875
466.048
500.201
471.756
488.015
494.553
517.08
529.753
495.316
463.684
489.046
488.668
513.89
490.819
451.572
462.546
468.89
451.148
533.795
522.015
460.256
493.044
526.993
511.07
477.797
472.395
484.092
546.742
465.323
478.862
497.56
472.961
531.376
475.212
473.937
503.171
486.481
535.599
507.887
460.94
486.511
462.11
510.797
487.985
495.146
474.923
456.169
495.654
503.012
507.961
450.135
466.594
472.152
477.11
490.873
506.972
527.916
494.665
497.37
506.097
501.976
516.118
536.204
490.913
493.612
528.191
482.727
528.281
496.652
517.908
547.139
453.62
513.767
497.805
522.639
476.922
532.57
517.932
463.608
547.663
533.356
488.232
505.808
515.958
477.448
500.268
459.376
508.946
519.42
494.235
483.279
498.181
533.633
537.715
483.656
548.804
502.796
465.567
475.579
507.468
490.291
480.465
545.416
460.184
504.188
484.733
546.565
545.798
450.435
460.498
473.59
468.19
450.813
497.672
489.307
467.619
540.605
460.961
505.432
540.715
546.599
542.106
458.095
480.947
451.837
456.478
521.731
526.337
523.584
534.12
546.571
458.819
460.546
490.705
503.753
503.59
483.159
487.075
464.358
508.69
456.796
497.624
542.659
520.222
507.585
535.629
474.378
459.121
518.956
467.435
500.935
516.992
487.866
503.257
507.13
506.37
461.99
486.06
500.048
467.195
500.1
524.95
501.426
486.835
451.415
463.61
480.869
497.329
505.781
516.229
470.465
495.116
504.082
535.871
501.687
524.399
474.901
549.742
511.938
540.12
499.042
471.599
502.265
473.063
492.574
484.456
547.529
495.902
489.489
469.368
504.753
470.856
538.506
501.693
534.368
513.091
533.664
474.997
516.484
527.315
496.554
518.962
543.014
518.891
530.142
465.11
452.838
470.218
524.196
514.591
463.982
522.634
487.527
516.587
489.736
458.654
515.407
526.451
495.408
522.923
520.714
495.935
475.086
492.233
471.129
501.826
536.594
498.713
466.261
512.081
465.975
535.947
460.737
475.937
506.573
529.404
507.921
515.213
464.028
526.678
500.2
483.537
524.16
517.106
501.801
514.68
517.46
492.328
495.738
468.775
494.556
470.243
453.648
479.652
457.35
509.567
502.52
471.059
468.08
526.714
520.613
546.316
497.986
485.58
457.138
516.459
513.669
495.838
455.195
522.792
501.924
478.423
536.522
490.631
467.301
531.35
468.627
453.14
522.635
495.32
451.867
455.657
536.134
494.735
523.915
468.547
503.999
463.733
508.456
501.034
492.839
495.691
491.365
477.49
455.1
477.801
473.263
502.355
548.097
473.001
499.35
495.571
481.754
453.233
470.558
518.864
488.002
506.015
501.146
505.315
462.764
495.246
512.624
532.245
543.13
490.413
450.491
471.535
509.575
525.753
494.772
471.914
494.877
472.546
451.364
496.595
529.53
486.718
457.382
545.901
503.266
492.983
528.817
533.37
471.584
546.104
490.45
486.648
457.81
450.805
525.448
460.49
497.111
518.484
494.459
528.995
497.129
505.957
502.902
546.421
506.951
506.808
450.449
533.42
455.859
500.76
479.48
469.214
500.152
516.13
545.696
488.519
520.964
490.061
511.667
474.93
456.933
525.098
468.551
472.229
487.29
503.506
531.023
475.881
453.096
468.581
474.472
469.539
450.51
476.427
490.359
505.798
486.374
479.313
525.789
505.233
542.131
522.464
462.074
521.533
548.881
451.812
512.7
530.253
470.448
453.416
463.12
530.017
510.465
487.644
470.41
459.568
532.19
459.311
496.814
549.051
501.949
543.318
492.546
494.334
494.093
499.745
498.271
462.155
477.628
501.342
513.281
511.207
500.834
499.668
547.957
546.789
503.303
538.161
476.464
541.905
483.318
523.365
498.372
519.094
457.785
519.889
487.879
454.718
470.453
516.672
529.099
503.794
487.467
497.887
473.439
544.598
549.516
451.33
476.831
514.76
481.325
476.863
457.33
458.486
548.272
520.165
504.826
485.607
541.432
507.804
494.782
498.524
500.872
493.068
544.604
474.708
549.623
517.308
476.556
546.092
476.015
534.409
488.825
451.467
500.609
503.32
504.428
549.179
461.95
493.109
458.356
495.285
501.786
502.116
475.714
542.592
505.403
520.325
466.868
496.8
485.438
482.987
470.989
504.829
539.553
491.357
481.17
463.067
452.46
516.716
501.588
514.848
495.207
500.052
527.147
534.325
460.714
498.388
464.439
472.244
544.389
542.982
483.208
492.774
477.724
460.87
455.349
457.336
484.408
501.825
467.963
498.909
482.137
468.444
477.734
481.64
460.303
450.758
465.543
545.717
492.99
481.484
460.619
484.519
489.584
476.9
479.331
515.713
478.987
498.073
506.412
545.51
509.951
522.622
488.866
546.982
512.848
501.426
475.98
538.433
547.094
456.792
511.603
471.902
538.435
496.07
494.806
526.063
503.75
495.171
500.428
505.642
466.193
501.279
497.504
538.836
451.16
483.244
466.909
541.049
514.774
526.67
477.343
504.895
493.282
493.111
514.086
474.639
501.505
452.993
544.798
489.948
454.918
489.814
493.232
491.324
499.803
491.655
474.638
455.823
454.639
500.956
495.972
535.408
516.527
487.188
455.321
545.811
499.702
479.657
475.697
544.34
501.491
462.236
517.926
474.918
472.605
477.451
477.974
487.607
547.921
460.822
495.767
466.634
472.414
481.297
547.345
464.848
466.238
497.867
459.579
495.208
512.458
530.095
478.012
505.672
531.487
507.805
509.96
525.477
480.119
500.997
521.291
460.308
492.853
528.793
473.346
472.505
516.726
462.94
514.19
541.791
530.889
545.862
530.912
531.318
474.098
549.95
533.254
543.556
496.199
463.497
466.402
479.778
546.898
531.474
481.571
456.543
543.956
532.408
487.787
496.559
541.822
467.666
500.329
483.439
493.187
489.302
496.928
498.271
456.459
537.795
475.448
497.069
485.456
528.264
474.278
500.37
539.536
469.535
529.075
533.004
501.714
458.714
471.091
489.1
503.867
460.622
519.174
493.623
504.8
543.611
519.58
467.628
500.932
547.693
547.749
508.598
479.515
470.222
458.912
488.364
457.406
470.519
506.598
482.499
477.182
535.613
501.858
474.159
450.253
490.693
533.04
529.077
454.6
488.084
545.132
490.302
487.666
510.891
528.079
511.871
456.103
476.109
454.053
462.191
461.834
451.779
545.51
516.859
465.136
479.327
487.121
492.845
474.617
530.161
490.21
470.311
531.719
526.451
516.676
475.255
458.392
498.001
498.687
468
529.958
472.155
474.591
463.416
500.987
457.333
519.036
456.243
543.709
456.963
488.952
515.573
544.25
546.518
497.894
548.978
472.953
507.498
458.926
531.764
459.041
533.98
478.602
499.408
488.326
546.604
483.84
462.473
482.838
512.212
526.054
464.483
535.167
453.596
495.632
549.681
498.315
476.797
485.195
453.908
454.677
492.937
497.125
492.629
460.591
484.116
513.904
482.53
476.741
519.642
490.486
546.283
470.557
485.028
512.518
488.715
505.96
483.886
530.719
492.706
513.074
481.209
510.238
477.78
513.871
500.102
458.236
480.4
459.751
492.433
485.157
544.444
530.046
512.757
544.161
527.037
462.474
455.58
473.449
469.328
549.009
476.899
527.213
503.345
525.123
514.137
497.949
491.428
518.875
457.179
502.173
511.137
467.147
460.725
455.967
487.82
540.386
487.751
457.942
480.937
543.584
538.12
482.285
458.115
534.205
468.675
500.678
486.953
497.357
515.006
528.43
531.928
523.988
450.392
516.326
470.856
496.289
482.5
525.418
491.662
461.906
460.778
463.789
537.258
522.334
455.401
547.256
486.199
471.985
532.738
502.781
543.362
519.449
525.098
531.154
469.192
504.082
474.926
456.387
498.362
541.543
485.558
460.264
538.457
470.141
525.916
544.533
467.356
544.33
458.066
501.461
477.601
547.43
520.541
496.054
511.129
463.58
531.007
466.86
463.701
486.947
501.637
495.831
456.198
524.416
501.105
457.475
472.739
526.559
525.844
490.467
528.264
494.383
496.513
484.637
450.899
538.296
522.445
490.443
505.791
504.204
482.266
479.979
497.456
534.691
466.172
506.369
502.544
507.157
535.273
498.75
497.695
491.442
525.638
501.627
466.108
521.362
467.155
462.802
500.731
526.012
471.216
475.274
546.554
452.085
483.026
482.01
531.214
487.086
546.18
469.97
476.349
509.46
542.373
453.58
486.946
455.419
450.394
502.624
528.348
526.242
532.529
495.259
456.427
469.709
503.202
494.523
465.373
531.955
466.59
478.537
520.587
498.873
535.131
492.361
520.193
509.073
498.245
490.42
542.371
495.652
544.834
480.405
469.235
473.066
512.086
475.181
494.869
511.975
470.855
475.407
484.608
499.226
507.011
471.427
470.102
546.115
492.613
461.957
457.53
455.197
480.63
501.143
504.382
504.911
506.338
515.628
497.876
544.471
488.429
546.761
536.991
499.982
497.975
507.575
493.928
488.269
459.745
487.884
474.028
511.562
498.838
534.185
475.442
469.859
526.797
493.535
505.909
476.809
506.491
531.647
456.361
493.85
534.704
504.153
494.233
462.844
514.74
496.666
494.588
504.735
497.02
529.952
521.466
521.75
527.513
478.145
516.806
539.055
473.646
486.537
517.818
476.362
532.061
455.112
495.236
543.537
536.55
526.497
517.045
519.473
538.106
501.148
481.088
512.281
529.34
452.932
477.447
497.129
453.946
534.011
539.298
497.015
453.015
453.335
524.399
508.25
481.594
528.223
450.465
485.137
460.509
502.666
523.921
478.589
491.513
512.084
512.221
458.806
507.042
518.067
477.596
508.877
502.154
525.617
520.32
460.964
509.979
507.445
518.737
495.419
473.233
538.383
510.094
498.889
514.747
525.331
490.677
539.376
542.803
458.524
495.291
492.711
501.26
548.719
495.869
520.444
486.82
507.7
452.213
459.173
466.378
506.632
474.649
518.598
464.601
530.711
547.756
536.197
540.964
536.924
466.115
466.43
514.314
469.526
513.165
470.803
485.115
477.484
461.381
498.441
482.959
505.898
530.261
493.077
478.276
510.303
514.63
479.861
495.437
467.943
457.95
484.016
491.267
457.661
493.769
503.86
516.543
475.961
513.123
545.565
530.342
