1131.36
1131.43
1130.41
1117.8
1132.08
1112.35
1128.96
1130.71
1113.59
1122.78
1101.82
1115.24
1128.43
1133.68
1133.36
1134.25
1134.92
1114.35
1134.7
1124.92
1128.55
1103.34
1124.03
1131.75
1106.87
1135.2
1122.01
1115.79
1090.41
1133.75
1104.2
1137.24
1119.83
1116.38
1121.91
1114.07
1111.38
1134.94
1114.28
1117.63
1135.01
1137.24
1096.77
1116.74
1114.04
1127.63
1136.06
1093.94
1117.46
1096.56
1101.04
1106.08
1109.98
1090.07
1113.54
1117.36
1119.74
1109.88
1112.64
1098.12
1138.94
1130.79
1118.97
1131.5
1102.47
1102.58
1112.6
1132.48
1103.43
1137.11
1116.57
1124.56
1115.44
1133.45
1115.26
1112.17
1121.8
1116.88
1116.2
1114.65
1113.93
1115.11
1118.88
1126.81
1113.36
1137.04
1126.32
1095.74
1106.1
1107.75
1128.77
1095.68
1117.75
1128.9
1116.85
1114.6
1124.15
1120.32
1134.62
1113.75
1117.2
1138.31
1112.89
1112.26
1136.12
1115.48
1116.61
1116.98
1133.8
1133.02
1134.45
1138.6
1124.19
1120.6
1112.13
1092.43
1093.84
1130.89
1136.52
1128.81
1120
1097.82
1121.87
1110.69
1115.32
1114.03
1115.12
1135.98
1114.51
1108.68
1115.58
1116.75
1130.78
1116.58
1118.11
1118.74
1129.85
1122.86
1133.94
1117.95
1120.6
1107.63
1136.29
1120.75
1128.87
1097
1130.47
1114.6
1107.16
1119.06
1133.62
1134.41
1112.6
1121.01
1135.23
1130.02
1116.48
1131.77
1110.35
1127.61
1114.21
1136.45
1122.52
1103.27
1107.94
1123.31
1106.7
1119.98
1111.48
1127.04
1139.1
1094.21
1116.26
1113.66
1115.9
1127.43
1123.75
1120.89
1111.35
1135.22
1117.14
1114.81
1110.55
1114.47
1134.67
1108.11
1118.28
1099.03
1139.35
1109.65
1136.84
1131.95
1117.05
1091.44
1109.43
1101.86
1094.17
1135.4
1135.68
1122
1131.86
1135.59
1116.59
1133.4
1120.17
1129.07
1096.33
1107.08
1124.54
1129.78
1131.28
1114.53
1097.85
1137.24
1115.21
1123.04
1111.33
1117.75
1115.08
1137.61
1092.79
1138.57
1115.3
1116.59
1096.21
1132.36
1130.53
1139.42
1107.67
1139.26
1106.44
1126.62
1138.07
1130.95
1108.99
1117.23
1112
1111.47
1127.06
1110.39
1124.63
1113.09
1121.67
1118.07
1126.78
1129.62
1102.52
1126.33
1127.66
1093.17
1125.83
1119.36
1112.88
1092.57
1135.46
1139.56
1138.89
1113.81
1139.77
1129.5
1117.2
1116.17
1127.36
1112.69
1103.87
1108.12
1127.09
1135.34
1135.26
1132.52
1120.02
1132.15
1126.66
1135.32
1126.21
1092.44
1121.67
1139.11
1119.69
1118.93
1099.09
1133.77
1093.88
1121.24
1117.71
1119.24
1133.05
1090.32
1121.26
1115.71
1111.87
1105.73
1116.68
1100.78
1130.8
1115.29
1134.44
1126.77
1112.43
1102.66
1136.73
1115.59
1116.72
1108.15
1125.92
1112
1139.66
1102.66
1113.64
1115.98
1107.67
1108.45
1120.18
1090.39
1105.56
1113.28
1099.02
1102.02
1111.12
1128.57
1117.35
1094.4
1099.39
1122.42
1112.44
1103.4
1133.67
1131.29
1131.8
1112.29
1115.31
1132.79
1098.27
1133.95
1110.77
1096.08
1125.71
1116.48
1125.79
1112.4
1131.19
1124.87
1119.31
1119.52
1103.97
1130.59
1123.41
1109.04
1126.04
1093.66
1135.39
1120.76
1115.89
1128.15
1103.19
1118.89
1124.48
1095.05
1097.14
1128.56
1114.09
1115.05
1139.59
1139.45
1113.38
1113.7
1135.76
1125.15
1100.62
1105.85
1105.9
1122.45
1113.38
1119.06
1123.78
1128.95
1137.2
1121.53
1114.12
1099.9
1123.98
1112.67
1133.87
1136.01
1129.17
1100.26
1114.1
1101.22
1092.04
1115.74
1093.74
1103.66
1130.63
1113.1
1137.84
1120.33
1116.5
1134.91
1133.18
1111.16
1090.59
1127.11
1127.52
1106.99
1133.54
1109.14
1095.03
1101.72
1102.35
1122.89
1114.83
1098.21
1136.47
1136.31
1136.4
1121.49
1131.7
1115.74
1107.03
1130.99
1112.96
1100.46
1138.35
1133.58
1129.64
1119.48
1132.77
1095.33
1130.31
1108.95
1113.92
1115.62
1124.99
1090.96
1105.33
1138.57
1098.15
1118.76
1137.91
1135.77
1112.93
1136.63
1096.57
1128.86
1100.91
1109.41
1130.43
1136.76
1111.32
1137.97
1129.68
1098.2
1124.02
1131.41
1108.88
1123.78
1121.89
1117.8
1091.14
1132.98
1133.53
1125.62
1122.52
1115.52
1104.57
1111.99
1130.5
1118.54
1092.79
1126.87
1135.67
1126.61
1139.9
1099.77
1113.48
1129.27
1113.32
1124.79
1134.77
1126.49
1137.73
1137.4
1105.54
1138.37
1115.67
1135.37
1136.19
1121.46
1130
1139.11
1106.91
1094.09
1122.15
1133.87
1098.23
1115.19
1107.84
1135.4
1115.18
1114.74
1107.03
1121.18
1121.29
1125.3
1113
1136.34
1114.35
1131.06
1118.17
1118.63
1125.16
1105.26
1117.17
1123.13
1111.13
1124.39
1108.66
1111.63
1134.21
1124.64
1124.42
1115.69
1120.73
1104.56
1115.55
1131.75
1127.72
1131.6
1118.55
1093.65
1135.31
1098.18
1111.04
1115.12
1121.98
1136.53
1125.46
1137.62
1100.81
1095.11
1105.57
1105.47
1138.09
1123.82
1117.31
1113.55
1111.55
1122.1
1108.37
1138.59
1104.89
1116.25
1122.51
1120.36
1105.82
1137.77
1137.39
1135.27
1115.53
1129.71
1117.09
1117.07
1115.73
1130.45
1138.47
1132.16
1106.17
1137.92
1095.69
1125.38
1127.76
1119.81
1129.82
1136.55
1101.79
1095.74
1130.63
1116.01
1136.35
1108.48
1115.09
1112.2
1094.75
1130.59
1111.46
1126.19
1105.03
1112.56
1120.44
1126.15
1114.85
1096.51
1123.72
1119.96
1138.48
1122.34
1113.61
1134.42
1116.74
1100.36
1116.48
1108.42
1138.78
1112.25
1125.07
1130.44
1138.08
1126.93
1117.23
1129.81
1137.83
1118.37
1136.91
1126.92
1132.64
1108.71
1120.13
1112.05
1099.67
1116.51
1115.93
1102.06
1125.55
1112.36
1124.72
1117.44
1113.66
1123.36
1113.58
1132.99
1130.12
1124.96
1137.56
1125.5
1118.95
1099.54
1115.34
1134.39
1109.44
1122.03
1139.05
1109.07
1120.64
1120.77
1118.68
1118.8
1118.79
1103.93
1109.26
1118.8
1124.23
1138.13
1134.64
1108.64
1131.53
1116.12
1114.51
1138.93
1131.49
1135
1106.75
1109.23
1119.3
1116.86
1127.56
1126.42
1103.48
1130.85
1090.42
1122.45
1116.13
1104.43
1102.65
1119.54
1122.85
1099.41
1112.81
1113.5
1099.47
1092.41
1132.11
1100.28
1114.96
1097.41
1134.02
1116.75
1115.2
1108.07
1111.72
1129.84
1119.47
1136.38
1098.24
1135.8
1122.95
1096.66
1126.56
1110.88
1134.6
1127.27
1105.82
1127.34
1097.31
1135.75
1139.18
1094.64
1112.22
1115.98
1101.27
1127.5
1116.9
1112.24
1137.71
1100.81
1122.81
1103.89
1119.95
1136.61
1101.23
1114.1
1112.52
1108.83
1137.13
1116.77
1105.92
1132.7
1115.41
1101.83
1136.54
1104.05
1117.63
1134.77
1118.29
1137.18
1105.91
1127.59
1122.86
1113.07
1090.63
1103.4
1120.64
1134.45
1115.2
1138.27
1121.23
1116.85
1118.53
1123.19
1115.66
1116.19
1130.65
1113.69
1120.6
1114.27
1131.84
1098.67
1126.82
1127.27
1099.79
1136.12
1139.2
1107.15
1127.09
1123.93
1112.53
1132.53
1133.91
1117.97
1090.32
1130.26
1111.53
1112.75
1137.91
1105.61
1138.26
1098.45
1110.91
1093.59
1104.42
1116.7
1122.05
1109.95
1097.84
1107.35
1123.36
1124.22
1121.84
1094.68
1102.22
1130.6
1111.42
1118.52
1125.99
1127.32
1098.34
1097.24
1116.31
1113.31
1099.27
1111.04
1126.28
1101.26
1095.79
1117.82
1100.92
1098.08
1109.91
1114.26
1131.67
1131.73
1135.13
1132.47
1110.29
1130.87
1114.83
1128.11
1117.47
1135.15
1117.74
1100.52
1124.47
1093.32
1102.63
1114.38
1132.78
1137.95
1137.97
1108.13
1132.57
1112.93
1125.47
1120.53
1125.23
1138.96
1124.06
1134.62
1123.53
1125.79
1102.5
1119.66
1132.42
1114.45
1114.08
1133.76
1139.47
1126.87
1104.67
1105.29
1115.77
1119.52
1117.22
1107.31
1107.23
1108.4
1124.72
1097.8
1126.18
1114.74
1125.6
1090.05
1114.41
1139.33
1128.32
1113.8
1121.94
1120.58
1138.3
1099.13
1115.13
1092.62
1124.8
1096.55
1120.91
1131.45
1109.89
1104.54
1127.45
1133.96
1120.46
1128.8
1116.56
1114.46
1117.29
1116.44
1136.13
1113.96
1115.79
1131.28
1119.99
1115.95
1114.45
1124.04
1121.4
1092.77
1136.24
1102.55
1101.47
1104.61
1105.54
1125.2
1139.22
1128.99
1120.76
1138.99
1123.58
1129.18
1111.92
1113.21
1115.22
1105.83
1115.36
1108.03
1104.88
1131.78
1124.22
1126.05
1130.63
1117.83
1117.25
1112.25
1111.35
1119.62
1125.92
1100.78
1116.42
1134.75
1130.83
1098.63
1111.64
1106.22
1112.1
1128.64
1139.95
1102.16
1137.09
1125.92
1130.81
1117.66
1107.93
1115.49
1115.85
1133.81
1115.14
1110.75
1096.6
1116.4
1103.84
1126.97
1131.27
1097.48
1123.94
1134.22
1121.21
1137.08
1136.67
1106.23
1130.02
1130.35
1118.84
1119.33
1096.1
1130.53
1115.32
1116.64
1134.28
1139.19
1139.15
1115.15
1126.86
1099.56
1115.2
1116.33
1126.33
1118.81
1134.9
1120.09
1112.64
1097.14
1117.24
1128.02
1121.8
1130.39
1115.36
1118.79
1121.97
1122.99
1115.95
1090.51
1133.74
1127.48
1132.8
1119.82
1132.83
1124.08
1096.55
1117.46
1115.64
1129.06
1099.4
1115.43
1123.19
1137.96
1123.85
1125.9
1135.85
1108.56
1121.74
1136.85
1116.41
1117.1
1123.64
1108.16
1116.8
1105.25
1101.2
1128.47
1138.93
1117.97
1120.74
1128.36
1135.26
1114.51
1126.56
1100.72
1131.82
1115.59
1117.3
1117.01
1136.05
1126.54
1130.84
1094.69
1136.83
1123.23
1132.34
1107.83
1129.33
1138.45
1127.58
1121.51
1107.5
1118.21
1116.28
1115.5
1132.95
1114.76
1118.9
1115.16
1128.2
1095.31
1124.28
1135.12
1115.21
1091.23
1123.88
1114.46
1102.6
1102.16
1097.3
1091.48
1120.46
1099.59
1102.45
1124.68
1101.18
1132.12
1093.03
1096.41
1100.74
1114.13
1095.53
1102.88
1109.82
1116.13
1104.4
1107.05
1095.39
1118.03
1106.56
1120.34
1138.87
1113.34
1130.67
1131.15
1122.64
1124.08
1115.83
1124.38
1093.32
1134.87
1128.2
1139.78
1134.59
1138.86
1123.72
1117.7
1138.45
1105.42
1131.96
1115.4
1114.89
1119.68
1119.07
1138.57
1091.22
1110.8
1117.52
1115.82
1108.83
1134.63
1127.12
1139.15
1127.93
1114.82
1097.53
1122.42
1105.17
1116.44
1126.46
1116.94
1090.9
1117.08
1106.85
1105.41
1129.95
1137.85
1134.08
1115.11
1132.19
1122.82
1117.1
1137.28
1138.68
1115.67
1092.16
1129.47
1104.43
1111.97
1132.96
1117.03
1124.61
1090.92
1107.26
1103.33
1130.64
1122.82
1124.11
1124.44
1127.53
1109.68
1119.3
1128.8
1100.54
1127.47
1124.2
1115.8
1105.91
1108.45
1113.37
1093.2
1099.48
1113.16
1138.95
1137.61
1136.06
1137.82
1101.54
1095.9
1136.74
1131.88
1112.57
1121.87
1110.79
1114.66
1097.15
1126.14
1104.92
1130.62
1107.29
1107.38
1113.27
1110.9
1117.65
1133.7
1096.42
1126.42
1111.09
1096.54
1139.07
1123.61
1133.54
1114.96
1115.72
1115.03
1127.2
1122.29
1135.65
1107.62
1135.65
1123.61
1112.35
1118.41
1117.5
1117.3
1121.8
1134.57
1127.45
1123.8
1123.94
1116.63
1126.73
1117.49
1091.12
1113.68
1100.01
1096.38
1125.78
1120.34
1111.29
1117.52
1103.95
1100.63
1106.8
1107.83
1133.43
1103.44
1132.02
1110.69
1129.81
1122.17
1118.8
1093.91
1099.36
1124.57
1103.22
1100.15
1134.52
1094.22
1131.24
1123.65
1126.69
1105.28
1131.35
1102.36
1135.13
1094.3
1118.26
1136.06
1118.98
1106.78
1121.96
1122.66
1120.61
1112.24
1108.7
1101.76
1137.06
1098.99
1118.76
1097.59
1110.03
1117.08
1134.31
1127.91
1124.63
1127.98
1113.79
1107.92
1112.19
1130.15
1115.72
1104.74
1122.81
1092.08
1114
1094.09
1135.13
1113.54
1121.29
1118.36
1115.22
1138.15
1117.22
1136.52
1107.55
1112.9
1096.72
1138.55
1137.93
1118.34
1104.66
1130.66
1125.31
1136.8
1111.8
1117.46
1097.07
1091.93
1100.26
1118.12
1125.65
1096.05
1123.09
1129.62
1135.38
1105.87
1128.41
1094.3
1097.75
1109.75
1128.36
1094.2
1138.42
1099.56
1129.53
1099.64
1108.31
1126.28
1130.08
1094.17
1132.27
1130.21
1115.9
1130.31
1114.78
1112.16
1135.37
1131.03
1120.52
1134.98
1134.12
1108.5
1113.01
1106.91
1115.98
1139.03
1107.35
1139.14
1124.55
1108.98
1106.18
1097.54
1115.34
1119.28
1097.39
1120.23
1108.54
1132.69
1136.33
1109.81
1104.84
1134.58
1095.76
1132.53
1136.69
1115.57
1120.1
1113.88
1124.85
1105.62
1139.86
1119.02
1120.44
1133.43
1110.12
1106.66
1113.46
1118.45
1115.47
1103.88
1131.66
1103.31
1097.12
1092.06
1112.65
1116.49
1099.87
1136.88
1128.87
1120.65
1112.67
1124.54
1120.67
1115.34
1110.42
1107.88
1097.67
1110.61
1139.47
1113.95
1104.25
1137.19
1102.9
1121.42
1137.41
1094.81
1131.5
1120.53
1124.93
1125.46
1095.71
1134.66
1126.32
1126.61
1126.32
1106.51
1108.61
1090.32
1120.28
1109.66
1130.14
1128.81
1102.5
1102.55
1138.52
1133.97
1090.3
1134.04
1129.13
1114.8
1100.47
1122.76
1118.3
1117.98
1098.94
1113.76
1118.53
1114.17
1137.96
1126.78
1108.12
1115.42
1122.6
1094.65
1126.56
1131.88
1095.51
1111.76
1117.3
1122.07
1103.58
1130.58
1094.59
1104.89
1118.19
1116.25
1127.68
1090.85
1111.24
1131.31
1105.6
1136.86
1117.72
1103.73
1110.55
1114.93
1103.21
1130.56
1126.78
1090.21
1123.53
1112.69
1131.68
1130.85
1101.93
1091.84
1100.29
1129.05
1107.56
1108.04
1114.4
1096.91
1109.42
1120.2
1107.84
1133.01
1132.92
1116.35
1115.44
1100.76
1131.78
1116.24
1138.2
1104.8
1107.88
1119.09
1135.49
1127.5
1100.49
1138.97
1109.25
1117.58
1123.53
1132.75
1132.72
1126.85
1110.56
1118.41
1111.66
1091.51
1136.68
1132.3
1103.51
1114.43
1120.21
1123.44
1119.79
1118.37
1119.44
1105.45
1114.4
1094.94
1115.29
1130.24
1138.49
1133.34
1094.69
1123.62
1099.56
1113.75
1130.34
1113.53
1127.41
1118.25
1137
1139.17
1115.7
1110.74
1124.78
1117.62
1114.6
1107.3
1098.35
1125.53
1128.2
1107.76
1117.04
1129.17
1130.41
1116.84
1139.21
1124.67
1114.29
1099.34
1114.46
1115.79
1116.9
1135.61
1136.71
1099.33
1114.91
1132.65
1128.02
1113.92
1111.44
1107.44
1114.71
1106.77
1127.69
1110.95
1119.43
1120.74
1136.17
1133.79
1107.16
1096.61
1127.12
1124.32
1090.65
1114.46
1113.73
1102.12
1114.94
1119.9
1132.73
1117.37
1121.9
1135.03
1132.06
1128.26
1104.47
1107.07
1138.52
1112.03
1114.04
1121.82
1104.95
1096.54
1138.05
1111.54
1106.87
1093.61
1112.24
1104.11
1090.04
1103.32
1109.4
1109.41
1122.04
1129.7
1135.64
1127.6
1129.39
1120.02
1120.32
1120.93
1107.69
1121.66
1128.37
1120.79
1091.08
1093.98
1124.15
1127.03
1117.06
1095.8
1101.89
1128.86
1126.6
1115.08
1117.6
1115.62
1137.63
1109.59
1112.12
1121.27
1120.93
1133.81
1131.34
1101.3
1123.64
1094
1134.24
1114.59
1119.31
1103.39
1112.14
1136.51
1107.64
1139.93
1120.75
1095.47
1106.57
1098.14
1121.61
1133.91
1107.12
1124.39
1101.38
1133.99
1110.67
1099.34
1112.94
1119.37
1110.32
1118.8
1130.66
1107.43
1118.67
1118.77
1104.03
1138.43
1123.18
1112.3
1103.2
1132
1137.84
1113.64
1102.67
1123.46
1116.02
1108.56
1104.3
1115.99
1110.28
1107.32
1092.25
1091.97
1095.42
1136.9
1133.8
1119.05
1116.8
1126.7
1132.15
1103.23
1093.12
1139.77
1115.6
1117.64
1122.48
1120.57
1102.58
1122.64
1100.29
1110.75
1139.78
1115.84
1119.57
1137.98
1114.33
1098.6
1095.86
1114.88
1114.46
1132.28
1104.53
1129.02
1125.29
1092.09
1121.94
1120.9
1115.02
1090.15
1128.65
1126.07
1126.64
1115.28
1135.37
1112.57
1103.82
1114.97
1131.08
1118.38
1136.67
1119.15
1119.73
1122.09
1092.85
1109.47
1098.71
1120.12
1123.69
1113.27
1130.81
1131.76
1095.14
1115.72
1105.75
1119.94
1118.3
1126.48
1095.21
1100.43
1127.48
1102.34
1093.3
1137.37
1118.16
1115.75
1124.99
1114.88
1129.69
1132.71
1130.07
1107.06
1110.5
1125.49
1124.82
1112.98
1139.04
1135.78
1138.93
1114.41
1115.38
1125.42
1103.84
1126.74
1118
1093.12
1111.44
1134.95
1101.54
1136.22
1121.82
1094.77
1116.81
1116.46
1108.2
1114.7
1115.11
1116.69
1137.48
1137.63
1137.64
1120.34
1133.32
1114.78
1136.37
1113.76
1122.07
1116.92
1119.6
1114.98
1126.5
1125.6
1128.22
1111.52
1123.98
1112.1
1098.68
1125.67
1132.88
1133.44
1116.99
1112.76
1116.58
1114.17
1121.28
1098.6
1090.2
1115.31
1113
1133.41
1123.79
1114.36
1108.52
1119.26
1116.06
1095.84
1109.22
1108.68
1118.37
1134.55
1133.02
1135.79
1119.3
1122.54
1138.71
1127.57
1131.29
1111.19
1116.5
1130.14
1115.3
1136
1090.01
1137.39
1115.17
1122.86
1111.28
1115.38
1095.74
1127.09
1098.16
1110.65
1130.72
1115.05
1118.06
1114.64
1101.61
1107.87
1124.46
1129.73
1133.94
1103.91
1115.24
1139.47
1112.28
1123.83
1115.28
1117.22
1114.15
1100.08
1139.31
1108.35
1133.98
1137.31
1095.29
1101.63
1097.92
1117.61
1105.99
1092.14
1137.2
1123.36
1101.26
1118.82
1132.74
1118.31
1104.82
1116.59
1139.76
1090.86
1114.36
1100.6
1136.17
1107.04
1139.44
1115.39
1092.82
1114.56
1109.39
1135.47
1125.29
1135.24
1119.85
1116.66
1127.7
1108.6
1137.94
1122.2
1124.98
1104.79
1136.29
1091.87
1135.26
1109.17
1118.58
1126.4
1109.66
1115.24
1118.95
1138.55
1123.51
1106.53
1101.3
1137.18
1128.61
1107.65
1129.27
1100.47
1104.42
1117.28
1107.88
1137.42
1118.31
1120.86
1130.1
1097.06
1134.61
1135.35
1101.26
1116.03
1100.59
1108.64
1134.34
1123.16
1098.97
1139.48
1099.68
1132.28
1129.22
1110.18
1122.08
1114.72
1115.4
1110.83
1113.34
1115.53
1122.53
1091.63
1116.62
1118.59
1126.2
1138.73
1093.14
1124.68
1115.74
1123.52
1114.35
1124.87
1133.54
1125.02
1128.36
1090.81
1093.87
1102.25
1110.75
1131.48
1122.71
1124.18
1092.06
1101.64
1092.76
1115.51
1117.34
1117.84
1138.98
1115.65
1107.74
1095.77
1133.58
1120.96
1111.15
1133.19
1101.29
1116.81
1123.81
1132.95
1121.71
1130.21
1106.09
1123.96
1111.73
1108.38
1115.43
1131.12
1138.11
1098.46
1112.33
1116.02
1115.18
1094.23
1134.08
1133.28
1117.05
1112.69
1132.88
1113.76
1094.78
1110.55
1120.76
1116.8
1111.52
1136.71
1090.8
1128.09
1134.71
1126.43
1107.28
1111.9
1119.69
1135.56
1128.87
1137.06
1124.54
1138.37
1099.39
1127.42
1113.13
1095.91
1122.03
1110.77
1125.07
1122.42
1132.77
1092.39
1133.03
1121.46
1109.71
1135.35
1132.88
1104.12
1137.09
1137.58
1122.93
1108.41
1123.43
1109.5
1113.01
1100.15
1130.35
1119.38
1135.73
1134.47
1095.88
1116.61
1138.94
1136.19
1114.93
1118.99
1134.38
1135.56
1092.06
1105.05
1136.31
1138.02
1117.04
1104.16
1093.43
1132.31
1126.09
1129.78
1115.35
1127.51
1101.66
1100.05
1127.95
1139.56
1096.59
1131.97
1124.39
1121.29
1106.85
1110.37
1131.04
1133.19
1107.19
1123.56
1115.86
1138.6
1114.47
1097.23
1118.02
1123.54
1107.95
1107.66
1115.85
1114.22
1125.42
1113.7
1135.4
1116.89
1119.68
1115.08
1124.99
1128.12
1138.48
1113
1117
1106.35
1092.4
1131.75
1122.84
1130.25
1101.47
1113.33
1121.75
1112.7
1118.02
1114.83
1094.78
1137.3
1117.45
1125.85
1095.49
1118.9
1138.37
1115.07
1093.41
1114.37
1135.51
1107.65
1132.63
1096.28
1114.51
1129.36
1124.48
1135.15
1109.03
1116.11
1106.21
1112.14
1125.21
1138.93
1116.16
1090.54
1108.9
1121.05
1114.96
1120.09
1115.76
1120.21
1107.7
1104.77
1125.42
1095.41
1092.07
1119.24
1130.9
1124.2
1120.48
1138.33
1102.54
1138.55
1137.52
1119.72
1132.64
1124.45
1136.49
1092.28
1115.1
1134.4
1126.95
1114.3
1139.8
1127.79
1123.49
1119.62
1115.68
1122.01
1111.46
1116.57
1128.08
1113.6
1113.56
1126.35
1126.46
1101.43
1106.66
1107.72
1122.57
1112.64
1118.79
1130.33
1113.14
1124.5
1131.93
1116.33
1090.27
1131.14
1137.11
1094.2
1107.42
1132.23
1128.41
1134.68
1127.76
1130.78
1134.82
1094.55
1103.94
1120.12
1115.1
1130.21
1108.12
1102.62
1106.22
1119.63
1133.02
1092.48
1119.07
1100.95
1128.71
1126.56
1110.35
1112.95
1107.53
1115.95
1106.3
1136.95
1128.99
1115.32
1127.86
1111.38
1100.08
1127.45
1117.73
1132.16
1110.47
1092.43
1100.74
1126.77
1119.88
1094.53
1119.03
1121.06
1115.78
1096.55
1139.45
1110
1111.9
1107.37
1110.95
1133.45
1132.84
1093.11
1123.21
1120.2
1139.69
1136.01
1116.19
1101.81
1092.66
1116.94
1100.85
1101.39
1116.14
1131.87
1100.58
1098.11
1130.29
1134.79
1135.24
1114.9
1120.66
1131.07
1100.79
1135.11
1115.26
1116.51
1133.52
1137.7
1114.03
1100.49
1119.14
1124.86
1099.25
1096.35
1132.6
1135.28
1096.32
1119.81
1119.07
1136.94
1138.46
1111.26
1117.86
1138.52
1114.61
1102.87
1121.91
1108.8
1130.35
1135.16
1099.09
1136.38
1134.87
1132.17
1113.65
1132.49
1138.12
1115.64
1128.35
1116.18
1136.41
1103.89
1116.25
1117.28
1129.84
1114.88
1091.85
1115.46
1116.42
1092.2
1118.23
1113.81
1133.31
1118.93
1109.12
1119.17
1125.58
1123.23
1096.14
1095.86
1100.44
1116.67
1096.2
1118.63
1096.78
1099.8
1136.21
1128.31
1091.83
1132.02
1132.61
1106.49
1093.9
1105.49
1102.84
1090.15
1115.17
1129.38
1109.83
1136.77
1128.22
1120.12
1121.47
1126.64
1103.73
1100.58
1096.96
1094.62
1135.79
1137.99
1137.91
1124.78
1123.4
1104.25
1100.76
1127.39
1091.47
1114.47
1132.42
1115.88
1139.75
1126.53
1137.28
1096.78
1130.48
1114.71
1121.21
1101.43
1132.96
1132.22
1102.2
1096.69
1101.16
1125.75
1094.74
1116.95
1099.08
1134.79
1133.69
1119.11
1136.63
1119.52
1132.67
1094.85
1105.3
1122.46
1133.17
1096.96
1127.43
1118.82
1114.93
1125.28
1122.55
1102.88
1111.47
1119.2
1098.17
1126.08
1129.29
1134.67
1136.56
1111.68
1127.67
1112.47
1134.06
1098.84
1129.06
1106.5
1106.06
1111.81
1130.17
1098.27
1122.92
1100.18
1099.54
1114.9
1115.44
1107.27
1130.67
1114.47
1117.22
1108.94
1124.78
1129.77
1125.48
1110.02
1133.86
1135.27
1132.95
1105.87
1114.72
1123.45
1121.89
1099.54
1110.45
1090.51
1101.79
1106.06
1139.7
1137.94
1125.61
1118.76
1106.67
1099.46
1125.83
1117.15
1104.43
1129.91
1137.13
1132.8
1139.38
1111.99
1122.23
1136.91
1116.41
1132.7
1112.2
1106.06
1095.87
1129.98
1094.83
1109.17
1112
1108.46
1128.94
1099.54
1114.77
1115.99
1101.17
1135.69
1116.1
1118.2
1137.78
1116.28
1115.6
1124.08
1119.57
1131.98
1122.45
1116.12
1130.44
1135.6
1124.46
1128.35
1117.39
1104.54
1117.83
1115.66
1108.88
1115.73
1099.14
1133.26
1097.26
1138.07
1132.58
1115.07
1118.71
1117.49
1103.9
1110.07
1134.73
1106.28
1133.8
1129.42
1135.48
1112.26
1094.73
1097.32
1123.43
1132.4
1127.91
1106.3
1138.51
1129.31
1133.53
1138.05
1122.45
1138.91
1119.31
1104.24
1134.38
1110.74
1093.74
1139.63
1117.58
1095.92
1121.77
1132.01
1130.73
1139.48
1130.2
1131.76
1116.32
1104.84
1117.27
1090.07
1124.04
1093.17
1115.14
1106.92
1110.54
1125.77
1132.51
1123.29
1130.16
1121.96
1116.82
1094.75
1116.08
1110.06
1114.22
1110.5
1139.53
1112.82
1116.03
1115.65
1123.08
1132.69
1115.68
1127.88
1098.61
1104.89
1137.44
1111.72
1097.85
1115.94
1096.57
1091.11
1134.09
1137.7
1117.57
1117.65
1117.21
1112.14
1102.93
1134.47
1131.82
1129.41
1100.61
1113.72
1128.61
1136.88
1120.09
1114.74
1106.72
1090.95
1119.98
1092.87
1112.97
1091.25
1133.21
1091.05
1114.78
1102.81
1114.08
1113.4
1110.58
1132.31
1128.35
1091.12
1106.31
1119.35
1109.32
1115.53
1120.11
1115.04
1106.47
1112.25
1117.27
1134.07
1112.89
1129.31
1115.55
1128.31
1134.92
1114.19
1091.22
1092.68
1117.27
1100.25
1119
1121.29
1133.67
1099.29
1099.35
1134.86
1111.99
1106.4
1107.71
1128.99
1134.64
1121.14
1102.68
1127.24
1137.51
1126.68
1110.62
1122.57
1125.13
1104.15
1138.18
1127.7
1126.99
1123.48
1110.03
1099.83
1139.75
1096.29
1121.51
1138.65
1112.61
1104.27
1134.53
1111.56
1111.21
1114.65
1112.34
1110.29
1134.36
1114.16
1125.5
1133.72
1120.38
1130.97
1104.9
1138.85
1116.1
1111.57
1103.76
1112.09
1111.22
1128.12
1113.99
1123.89
1115.07
1121.25
1131.91
1111.43
1124.24
1117.4
1135.12
1125.49
1120.76
1113.18
1135.02
1119.95
1096.76
1108.52
1116.02
1107.63
1097.08
1117.73
1119.58
1135.88
1103.46
1128.41
1107.41
1097.35
1096.88
1115.91
1120.82
1132.07
1107.92
1137.95
1111.81
1106.56
1117.5
1116.83
1117.5
1095.95
1121.04
1111.9
1130.23
1111.46
1129.97
1128.67
1113.66
1102.37
1116.97
1100.07
1129.68
1116.05
1097.03
1120.94
1093.12
1115.24
1125.8
1110.24
1115.28
1124.02
1117.08
1106.99
1111.1
1119.58
1138.12
1111.37
1116.18
1115.8
1108.66
1132.44
1121.39
1096.4
1138.13
1128.77
1097.05
1139.65
1098.13
1111.84
1111.51
1138.36
1102.01
1137.43
1090.52
1138.75
1117.4
1129.05
1118.64
1106.47
1138.3
1115.85
1104.84
1137.14
1122.3
1106.38
1129.53
1112.25
1117.33
1133.99
1102.46
1130.97
1111.95
1128.25
1136.28
1131.87
1129.29
1121.16
1120.17
1125.13
1113.45
1126.96
1092.88
1114.38
1105.73
1106.22
1133.51
1135.07
1114.9
1099.14
1106.01
1122.47
1130.37
1116.37
1129.92
1114.29
1099.69
1115.55
1099.47
1129.09
1093.39
1117.47
1125.76
1121.25
1122
1139.36
1138.74
1119.48
1131.23
1133.88
1128.93
1134.24
1109.77
1139.02
1135.85
1135.74
1112.19
1103.13
1138.95
1122.45
1123.66
1114.09
1123.91
1127.6
1117.14
1112.05
1097.3
1114.99
1139.25
1136.15
1094.73
1111.96
1113.73
1109.52
1122.55
1096.52
1134.43
1130.26
1097.92
1124.6
1122.65
1123.91
1126.1
1122.61
1098.3
1116.24
1118.95
1136.75
1133.04
1135.46
1119.92
1114.55
1134.53
1133.26
1105.5
1117.5
1122.16
1114.22
1117.21
1134.79
1119.27
1126.38
1120.84
1138.37
1138.53
1090.14
1120.99
1122.12
1113.24
1095.5
1118.35
1118.7
1125.23
1135.81
1124.32
1118.1
1133.6
1126.28
1134.54
1135.05
1123.07
1105.55
1107.62
1138.85
1122.75
1115.39
1130.93
1127.89
1096.54
1125.14
1099.76
1093.76
1127.28
1094.34
1097.62
1099.97
1095.04
1123.19
1114.81
1138.22
1109.63
1099.45
1095.82
1130.5
1091.62
1134.38
1115.6
1102.88
1110.8
1105.88
1137.38
1130.49
1119
1111.54
1139.15
1133.77
1139.44
1125.47
1098.65
1133.5
1122.43
1104.55
1112.94
1134.2
1115.93
1138.12
1120.61
1127.06
1112.91
1136.77
1112.71
1104.25
1133.09
1118.62
1135.17
1108.31
1136.83
1104.76
1131
1117.39
1129.18
1127.17
1101.23
1109.98
1133.48
1133.62
1123.88
1116.08
1123.06
1120.88
1112.83
1091.59
1126.26
1123.04
1127.57
1129.09
1090.31
1111.31
1133.58
1092.93
1111.88
1109.17
1111.88
1117.58
1139.51
1104.17
1103.67
1115.54
1115.26
1125.13
1121.64
1113.4
1118.42
1123.71
1113.46
1119.29
1115.91
1120.46
1123.73
1137.26
1126.92
1112.94
1111.34
1090.31
1105.69
1121.1
1138.51
1117.2
1122.27
1121.8
1106.98
1116.71
1116.18
1091.77
1097.47
1128.03
1112.9
1091.65
1127.84
1114.94
1134.98
1107.93
1122.1
1135.49
1118.53
1094.69
1128.69
1126.87
1100.1
1115.55
1113.79
1114.25
1131.76
1131.9
1138.76
1134.84
1130.27
1136.58
1115.34
1116
1134.35
1138.43
1101.24
1126.66
1112.82
1112.72
1104.18
1126.62
1093.72
1121.07
1098.36
1098.2
1120.34
1122.79
1111.31
1123.01
1094.88
1123.75
1130
1106.31
1113.89
1108.12
1104.14
1110.45
1138.49
1090.86
1139.09
1104.64
1104.96
1132.62
1139.12
1107.88
1128.28
1118.12
1138.81
1103.65
1107.97
1119.18
1108.49
1137.11
1111.4
1139.66
1115.5
1123.3
1135.03
1106.98
1106.7
1110.72
1123.23
1114.45
1115.42
1115.65
1104.79
1126.09
1133.82
1135.15
1132.61
1106.64
1120.27
1101.17
1136.06
1136.94
1114.13
1108.64
1121.39
1097.53
1119
1117.94
1093.54
1130.4
1113.92
1136.9
1115.08
1136.57
1122.95
1115.77
1118.6
1126.64
1126.28
1115.16
1114.36
1110.87
1138.11
1137.98
1117.81
1113.92
1119.76
1136.85
1137.6
1101.76
1116
1120.27
1117.94
1117.75
1127.53
1094.58
1116.49
1097.32
1135.56
1094.36
1110.78
1128.93
1111.36
1115.64
1092.75
1104.71
1112.95
1098.54
1131.57
1103.58
1114.16
1114.25
1139.26
1133.09
1131.62
1116.93
1097.87
1123.71
1100.1
1094.61
1124.67
1134.8
1097.46
1116.51
1136.08
1115.09
1128.12
1135.8
1119.35
1115.09
1116.61
1108.18
1116.23
1116.41
1102.09
1118.43
1104.15
1103.17
1091.08
1097.33
1102.17
1127.81
1106.58
1106.02
1138.32
1130.16
1121.99
1108.11
1126.69
1138.23
1124.96
1101.66
1119.55
1114.48
1137.31
1134.11
1094.02
1121.32
1102.23
1123.7
1121.55
1135.91
1104.1
1105.65
1130
1123.51
1132.82
1094.99
1139.8
1109.71
1128.31
1118.37
1119.29
1101.95
1114.93
1110.89
1104.55
1111.32
1130.16
1101.83
1092.36
1095.56
1117.06
1125.63
1104.87
1118.69
1102.24
1095.8
1112.47
1115.83
1114.48
1131.75
1136.04
1119.33
1097.76
1123.53
1120.73
1133.29
1132.16
1107.67
1107.43
1091.12
1094.14
1096.63
1138.49
1116.82
1117.21
1131.48
1118.78
1132.04
1126.92
1138.77
1109.84
1128.08
1117.92
1098.29
1120.89
1115.67
1110.04
1118.33
1106.96
1116.08
1104.37
1133.14
1099.5
1099.66
1111.6
1121.8
1132.87
1114.06
1117.51
1112.71
1116.51
1114.86
1131.92
1131.33
1117.96
1134.75
1124
1139.91
1094.76
1127.12
1137.7
1115.96
1099.09
1115.52
1127.29
1122.2
1130.91
1121.5
1121.4
1127.7
1128.08
1133.07
1131.39
1125.79
1118.63
1104.93
1100.45
1098.84
1097.66
1100.55
1115.73
1130.35
1116.23
1114.16
1134.06
1123.68
1138.46
1114.96
1115.8
1123
1117.84
1110.06
1117.02
1108.33
1130.96
1131.68
1135.03
1120.88
1114.99
1136.93
1129.2
1121.53
1126.69
1134.54
1114.77
1098.44
1123.07
1137.7
1100.67
1106.38
1114.01
1137.69
1117.89
1136.15
1136.84
1129.54
1092.42
1120.19
1135.49
1103.6
1114.05
1094.68
1128.26
1120.49
1114.1
1094.66
1116.07
1113.12
1101.62
1105.6
1111.85
1137.44
1109.19
1091.04
1104.89
1126.26
1113.8
1103.25
1124.47
1127.36
1123.54
1123.4
1104.45
1108.45
1115
1115.12
1127.49
1131.5
1101.17
1137.05
1132.62
1134.7
1137.53
1111.23
1130.78
1095.87
1108.19
1107.24
1111.76
1127.32
1124.8
1122.03
1103.8
1123.42
1134.73
1093.95
1120.58
1120.99
1134.52
1101.97
1110.4
1114.06
1102.39
1135.7
1136.5
1126.95
1099.41
1116.16
1130.3
1094.61
1100.84
1092.09
1103.07
1114.78
1117.36
1091.21
1120.09
1122.29
1104.71
1106.93
1119.96
1127.84
1127.28
1111.05
1130.26
1099.61
1096.3
1114.9
1126.49
1134.51
1115.25
1135.45
1131.09
1126.69
1115.56
1129.29
1116.5
1123.27
1109.76
1122.22
1116.36
1131.39
1134.88
1130.36
1134.38
1115.65
1116.17
1130.31
1136.53
1136.91
1099.91
1093.85
1097.65
1136.75
1116.35
1090.17
1109.23
1094.89
1133.26
1124.44
1128.39
1139.07
1117.83
1102.85
1115.71
1113.22
1109.47
1100.14
1117.34
1117.67
1117.6
1102.76
1125.05
1102.99
1139.82
1139.04
1123.21
1131.79
1128.26
1113.25
1104.79
1096.29
1112.61
1131.36
1106.15
1101.77
1101.97
1100.81
1102.36
1132.56
1138.16
1122.19
1114.94
1108.01
1136.45
1139.01
1136.58
1127.72
1121.51
1114.92
1108.29
1128.25
1118
1119.47
1115.52
1101.16
1126.45
1114.31
1115.61
1115.74
1130.82
1106.52
1105.24
1100.35
1114.7
1125.58
1112.89
1124.88
1113.54
1136.47
1097.2
1130.14
1116.44
1091.27
1113.9
1134.94
1139.95
1118.75
1092.7
1095.85
1104.23
1139.99
1114.49
1115.43
1097.12
1106.23
1095.19
1112.67
1107.49
1106.48
1098.75
1121.3
1118.93
1100.95
1116.18
1137.86
1113.85
1125.15
1123.55
1122.23
1101.34
1094.4
1138.95
1132.66
1105.92
1102.47
1118.51
1137.84
1115.42
1124.22
1121.32
1126.57
1113.94
1139.3
1131.62
1110.52
1090.08
1102.33
1114.47
1135.12
1114.49
1100.02
1137.07
1139.54
1099.1
1110.91
1126.18
1118.86
1128.19
1093.19
1113.55
1137.44
1136.12
1117.24
1118.45
1119.22
1135.05
1104.66
1119.17
1092.47
1092.09
1121.85
1115.56
1109.86
1129.27
1138.74
1114.1
1133.1
1094.17
1118.69
1091.6
1116.32
1105.04
1114.03
1100.53
1091.63
1115.82
1116.47
1108.82
1114.26
1131.57
1118.33
1103.71
1120.09
1097.42
1138.1
1110.38
1094.33
1125.35
1122.14
1124.54
1106.94
1103.74
1132.52
1121.83
1132.5
1108.67
1136.56
1136.31
1121.02
1118.39
1116.78
1106.78
1123.99
1101.63
1100.13
1129.09
1105.7
1103.77
1104.35
1128.72
1116.47
1137.59
1131.01
1121.79
1133.9
1131.65
1126.07
1114.83
1118.64
1098.73
1126.98
1115.17
1114.98
1090.42
1101.41
1119.56
1133.64
1093.59
1117.04
1126.35
1113.86
1115.35
1104.77
1133.66
1124.43
1109.1
1138.03
1111.2
1139.78
1135.08
1104.94
1109.38
1135.31
1129.09
1101.16
1100.08
1098.87
1100.63
1111.2
1106.41
1126.54
1135.66
1107.26
1134.7
1129.31
1105.08
1134.29
1098.71
1115.29
1107.91
1131.17
1126.79
1115.57
1133.81
1114.97
1111.53
1128.72
1134.86
1112.22
1107.54
1135.86
1121.16
1094.49
1114.23
1115.37
1114.26
1114.38
1119.39
1107.42
1107.7
1111.1
1117.71
1107.58
1104.73
1129.31
1113.28
1117.43
1133.5
1122.77
1098.79
1116.86
1112.41
1136.62
1130.48
1125.11
1129.65
1106.71
1113.44
1112.39
1125.02
1101.12
1121.12
1130.35
1124.82
1135.83
1115.27
1115.42
1137.89
1123.94
1111.4
1127.75
1128.09
1137.43
1090.2
1113.89
1137.34
1104.62
1112.51
1132.15
1104.37
1121.22
1095.92
1122.38
1108.65
1097.31
1123.85
1099.36
1115.01
1115.74
1139.14
1124.74
1104.36
1134.6
1115.68
1108.48
1100.53
1124.88
1105.55
1100.5
1109.1
1111.66
1130.35
1092.77
1130.09
1107.96
1119.53
1126.09
1116.81
1120.06
1127.27
1137.88
1114.65
1133.33
1133.41
1116.49
1125.2
1134.67
1127.7
1101.06
1132.36
1101.22
1128.91
1130.24
1117.77
1114.75
1114.69
1108.01
1117.7
1118.59
1119.97
1131.57
1125.31
1112.92
1113.85
1115.33
1098.69
1116.22
1123.71
1100.2
1093.96
1130.21
1114.62
1122.52
1125.7
1135.07
1101.15
1137.76
1114.81
1117.56
1125.94
1115.12
1118.46
1123.5
1116.13
1118.91
1116.4
1115.75
1115.47
1123.7
1132.27
1111.22
1136.83
1110.78
1113.66
1107.53
1117.14
1126.95
1102.09
1122.6
1135.14
1132.89
1091.53
1094.08
1130.23
1113.12
1139.19
1136.99
1133.04
1100.65
1134.32
1107.2
1117.01
1116.02
1126.13
1118.47
1108.3
1137.36
1105.3
1132.99
1102.44
1139.68
1120.64
1115.03
1126.56
1128.02
1116.57
1112.33
1119.06
1135.53
1126.7
1123.94
1135.41
1128.52
1115.54
1107.15
1091.32
1127.37
1109.65
1116.59
1112.3
1116.43
1137.27
1139.99
1139.62
1109.15
1096.77
1124.76
1128.67
1098.3
1111.82
1129.35
1100.76
1106.49
1120.76
1119.7
1090.3
1112.31
1131.46
1101.95
1107.88
1114.89
1137.27
1120.37
1127.04
1095.66
1122.15
1116.59
1132.34
1108.1
1095.44
1126.67
1113.31
1092.32
1128.35
1122.8
1118.63
1100.04
1116.58
1127.51
1115.23
1111.21
1099.12
1109.33
1112.73
1127.47
1134.18
1137.62
1104.35
1135.9
1113.77
1129.7
1090.28
1113.57
1108.26
1110.46
1094.04
1103.08
1129.47
1113
1123.77
1127.91
1114.14
1106.75
1128.86
1116.51
1124.36
1095.45
1127.58
1125.98
1114.52
1113.11
1093.33
1113.96
1093.59
1111.16
1131.99
1101.12
1114.26
1130.94
1103.17
1117.02
1129.08
1111.57
1095.73
1107.44
1117.91
1125.05
1124.72
1115.46
1123.8
1108.12
1113.27
1139.24
1126.49
1114.72
1121.19
1126.69
1103.26
1103.08
1127.86
1122.96
1098.29
1111.04
1091.95
1115.1
1114.81
1120.25
1123.12
1106.56
1121.54
1116.35
1119.2
1138.3
1137
1120.41
1124.88
1126.71
1097.14
1111.16
1115.16
1129.84
1122.26
1095.97
1134.68
1125.83
1139.18
1117.77
1123.54
1125.25
1113.24
1133.17
1115.79
1128.84
1126.98
1114.8
1096.19
1091.38
1093
